Python 3.12.5 (tags/v3.12.5:ff3bc82, Aug  6 2024, 20:45:27) [MSC v.1940 64 bit (AMD64)] on win32
Type "help", "copyright", "credits" or "license()" for more information.

= RESTART: C:\Users\sayak\OneDrive\Documents\rsa\finished\regen\regen_test.py
The edges are:  [('1', '2'), ('1', '3'), ('2', '3'), ('2', '4'), ('2', '5'), ('3', '5'), ('4', '5'), ('4', '6'), ('5', '6')]

Source: 1
Destination: 2
Path: 1 -> 2
SP Length (km): 1000
Bandwidth (Gbps): 355
Intermediate nodes: []
Direct attempt: Modulation '16-QAM', Slots needed: 8

Checking for path:  ['1', '2']
  SUCCESS: Allocated slots 0 to 8 (including guard bit) for path ['1', '2']
SUCCESS: Allocated slots for the direct path.

Current Slot Usage:
1  -  2  :  [1, 1, 1, 1, 1, 1, 1, 1, 'G', 0, 0, 0, 0, 0, 0, 0, 0, 0, 0, 0, 0, 0, 0, 0, 0, 0, 0, 0, 0, 0, 0, 0, 0, 0, 0, 0, 0, 0, 0, 0, 0, 0, 0, 0, 0, 0, 0, 0, 0, 0]
1  -  3  :  [0, 0, 0, 0, 0, 0, 0, 0, 0, 0, 0, 0, 0, 0, 0, 0, 0, 0, 0, 0, 0, 0, 0, 0, 0, 0, 0, 0, 0, 0, 0, 0, 0, 0, 0, 0, 0, 0, 0, 0, 0, 0, 0, 0, 0, 0, 0, 0, 0, 0]
3  -  2  :  [0, 0, 0, 0, 0, 0, 0, 0, 0, 0, 0, 0, 0, 0, 0, 0, 0, 0, 0, 0, 0, 0, 0, 0, 0, 0, 0, 0, 0, 0, 0, 0, 0, 0, 0, 0, 0, 0, 0, 0, 0, 0, 0, 0, 0, 0, 0, 0, 0, 0]
2  -  4  :  [0, 0, 0, 0, 0, 0, 0, 0, 0, 0, 0, 0, 0, 0, 0, 0, 0, 0, 0, 0, 0, 0, 0, 0, 0, 0, 0, 0, 0, 0, 0, 0, 0, 0, 0, 0, 0, 0, 0, 0, 0, 0, 0, 0, 0, 0, 0, 0, 0, 0]
5  -  2  :  [0, 0, 0, 0, 0, 0, 0, 0, 0, 0, 0, 0, 0, 0, 0, 0, 0, 0, 0, 0, 0, 0, 0, 0, 0, 0, 0, 0, 0, 0, 0, 0, 0, 0, 0, 0, 0, 0, 0, 0, 0, 0, 0, 0, 0, 0, 0, 0, 0, 0]
5  -  3  :  [0, 0, 0, 0, 0, 0, 0, 0, 0, 0, 0, 0, 0, 0, 0, 0, 0, 0, 0, 0, 0, 0, 0, 0, 0, 0, 0, 0, 0, 0, 0, 0, 0, 0, 0, 0, 0, 0, 0, 0, 0, 0, 0, 0, 0, 0, 0, 0, 0, 0]
5  -  4  :  [0, 0, 0, 0, 0, 0, 0, 0, 0, 0, 0, 0, 0, 0, 0, 0, 0, 0, 0, 0, 0, 0, 0, 0, 0, 0, 0, 0, 0, 0, 0, 0, 0, 0, 0, 0, 0, 0, 0, 0, 0, 0, 0, 0, 0, 0, 0, 0, 0, 0]
4  -  6  :  [0, 0, 0, 0, 0, 0, 0, 0, 0, 0, 0, 0, 0, 0, 0, 0, 0, 0, 0, 0, 0, 0, 0, 0, 0, 0, 0, 0, 0, 0, 0, 0, 0, 0, 0, 0, 0, 0, 0, 0, 0, 0, 0, 0, 0, 0, 0, 0, 0, 0]
5  -  6  :  [0, 0, 0, 0, 0, 0, 0, 0, 0, 0, 0, 0, 0, 0, 0, 0, 0, 0, 0, 0, 0, 0, 0, 0, 0, 0, 0, 0, 0, 0, 0, 0, 0, 0, 0, 0, 0, 0, 0, 0, 0, 0, 0, 0, 0, 0, 0, 0, 0, 0]

Source: 1
Destination: 3
Path: 1 -> 3
SP Length (km): 1200
Bandwidth (Gbps): 167
Intermediate nodes: []
Direct attempt: Modulation '8-QAM', Slots needed: 5

Checking for path:  ['1', '3']
  SUCCESS: Allocated slots 0 to 5 (including guard bit) for path ['1', '3']
SUCCESS: Allocated slots for the direct path.

Current Slot Usage:
1  -  2  :  [1, 1, 1, 1, 1, 1, 1, 1, 'G', 0, 0, 0, 0, 0, 0, 0, 0, 0, 0, 0, 0, 0, 0, 0, 0, 0, 0, 0, 0, 0, 0, 0, 0, 0, 0, 0, 0, 0, 0, 0, 0, 0, 0, 0, 0, 0, 0, 0, 0, 0]
1  -  3  :  [1, 1, 1, 1, 1, 'G', 0, 0, 0, 0, 0, 0, 0, 0, 0, 0, 0, 0, 0, 0, 0, 0, 0, 0, 0, 0, 0, 0, 0, 0, 0, 0, 0, 0, 0, 0, 0, 0, 0, 0, 0, 0, 0, 0, 0, 0, 0, 0, 0, 0]
3  -  2  :  [0, 0, 0, 0, 0, 0, 0, 0, 0, 0, 0, 0, 0, 0, 0, 0, 0, 0, 0, 0, 0, 0, 0, 0, 0, 0, 0, 0, 0, 0, 0, 0, 0, 0, 0, 0, 0, 0, 0, 0, 0, 0, 0, 0, 0, 0, 0, 0, 0, 0]
2  -  4  :  [0, 0, 0, 0, 0, 0, 0, 0, 0, 0, 0, 0, 0, 0, 0, 0, 0, 0, 0, 0, 0, 0, 0, 0, 0, 0, 0, 0, 0, 0, 0, 0, 0, 0, 0, 0, 0, 0, 0, 0, 0, 0, 0, 0, 0, 0, 0, 0, 0, 0]
5  -  2  :  [0, 0, 0, 0, 0, 0, 0, 0, 0, 0, 0, 0, 0, 0, 0, 0, 0, 0, 0, 0, 0, 0, 0, 0, 0, 0, 0, 0, 0, 0, 0, 0, 0, 0, 0, 0, 0, 0, 0, 0, 0, 0, 0, 0, 0, 0, 0, 0, 0, 0]
5  -  3  :  [0, 0, 0, 0, 0, 0, 0, 0, 0, 0, 0, 0, 0, 0, 0, 0, 0, 0, 0, 0, 0, 0, 0, 0, 0, 0, 0, 0, 0, 0, 0, 0, 0, 0, 0, 0, 0, 0, 0, 0, 0, 0, 0, 0, 0, 0, 0, 0, 0, 0]
5  -  4  :  [0, 0, 0, 0, 0, 0, 0, 0, 0, 0, 0, 0, 0, 0, 0, 0, 0, 0, 0, 0, 0, 0, 0, 0, 0, 0, 0, 0, 0, 0, 0, 0, 0, 0, 0, 0, 0, 0, 0, 0, 0, 0, 0, 0, 0, 0, 0, 0, 0, 0]
4  -  6  :  [0, 0, 0, 0, 0, 0, 0, 0, 0, 0, 0, 0, 0, 0, 0, 0, 0, 0, 0, 0, 0, 0, 0, 0, 0, 0, 0, 0, 0, 0, 0, 0, 0, 0, 0, 0, 0, 0, 0, 0, 0, 0, 0, 0, 0, 0, 0, 0, 0, 0]
5  -  6  :  [0, 0, 0, 0, 0, 0, 0, 0, 0, 0, 0, 0, 0, 0, 0, 0, 0, 0, 0, 0, 0, 0, 0, 0, 0, 0, 0, 0, 0, 0, 0, 0, 0, 0, 0, 0, 0, 0, 0, 0, 0, 0, 0, 0, 0, 0, 0, 0, 0, 0]

Source: 1
Destination: 4
Path: 1 -> 2 -> 4
SP Length (km): 1800
Bandwidth (Gbps): 335
Intermediate nodes: ['2']
Path contains regenerator node. Checking for best regen choice...
Best regen choice:  {'node': '2', 'path1': ['1', '2'], 'mod1': {'name': '16-QAM', 'capacity': 12.5, 'efficiency': 4, 'reach': 1000}, 'slots1': 7, 'path2': ['2', '4'], 'mod2': {'name': '16-QAM', 'capacity': 12.5, 'efficiency': 4, 'reach': 1000}, 'slots2': 7}

Checking for path:  ['1', '2']
  SUCCESS: Allocated slots 9 to 16 (including guard bit) for path ['1', '2']

Checking for path:  ['2', '4']
  SUCCESS: Allocated slots 0 to 7 (including guard bit) for path ['2', '4']
Allocated slots for path1
Allocated slots for path2
SUCCESS: Request from 1 to 4 allocated

Current Slot Usage:
1  -  2  :  [1, 1, 1, 1, 1, 1, 1, 1, 'G', 1, 1, 1, 1, 1, 1, 1, 'G', 0, 0, 0, 0, 0, 0, 0, 0, 0, 0, 0, 0, 0, 0, 0, 0, 0, 0, 0, 0, 0, 0, 0, 0, 0, 0, 0, 0, 0, 0, 0, 0, 0]
1  -  3  :  [1, 1, 1, 1, 1, 'G', 0, 0, 0, 0, 0, 0, 0, 0, 0, 0, 0, 0, 0, 0, 0, 0, 0, 0, 0, 0, 0, 0, 0, 0, 0, 0, 0, 0, 0, 0, 0, 0, 0, 0, 0, 0, 0, 0, 0, 0, 0, 0, 0, 0]
3  -  2  :  [0, 0, 0, 0, 0, 0, 0, 0, 0, 0, 0, 0, 0, 0, 0, 0, 0, 0, 0, 0, 0, 0, 0, 0, 0, 0, 0, 0, 0, 0, 0, 0, 0, 0, 0, 0, 0, 0, 0, 0, 0, 0, 0, 0, 0, 0, 0, 0, 0, 0]
2  -  4  :  [1, 1, 1, 1, 1, 1, 1, 'G', 0, 0, 0, 0, 0, 0, 0, 0, 0, 0, 0, 0, 0, 0, 0, 0, 0, 0, 0, 0, 0, 0, 0, 0, 0, 0, 0, 0, 0, 0, 0, 0, 0, 0, 0, 0, 0, 0, 0, 0, 0, 0]
5  -  2  :  [0, 0, 0, 0, 0, 0, 0, 0, 0, 0, 0, 0, 0, 0, 0, 0, 0, 0, 0, 0, 0, 0, 0, 0, 0, 0, 0, 0, 0, 0, 0, 0, 0, 0, 0, 0, 0, 0, 0, 0, 0, 0, 0, 0, 0, 0, 0, 0, 0, 0]
5  -  3  :  [0, 0, 0, 0, 0, 0, 0, 0, 0, 0, 0, 0, 0, 0, 0, 0, 0, 0, 0, 0, 0, 0, 0, 0, 0, 0, 0, 0, 0, 0, 0, 0, 0, 0, 0, 0, 0, 0, 0, 0, 0, 0, 0, 0, 0, 0, 0, 0, 0, 0]
5  -  4  :  [0, 0, 0, 0, 0, 0, 0, 0, 0, 0, 0, 0, 0, 0, 0, 0, 0, 0, 0, 0, 0, 0, 0, 0, 0, 0, 0, 0, 0, 0, 0, 0, 0, 0, 0, 0, 0, 0, 0, 0, 0, 0, 0, 0, 0, 0, 0, 0, 0, 0]
4  -  6  :  [0, 0, 0, 0, 0, 0, 0, 0, 0, 0, 0, 0, 0, 0, 0, 0, 0, 0, 0, 0, 0, 0, 0, 0, 0, 0, 0, 0, 0, 0, 0, 0, 0, 0, 0, 0, 0, 0, 0, 0, 0, 0, 0, 0, 0, 0, 0, 0, 0, 0]
5  -  6  :  [0, 0, 0, 0, 0, 0, 0, 0, 0, 0, 0, 0, 0, 0, 0, 0, 0, 0, 0, 0, 0, 0, 0, 0, 0, 0, 0, 0, 0, 0, 0, 0, 0, 0, 0, 0, 0, 0, 0, 0, 0, 0, 0, 0, 0, 0, 0, 0, 0, 0]

Source: 1
Destination: 5
Path: 1 -> 2 -> 5
SP Length (km): 2000
Bandwidth (Gbps): 309
Intermediate nodes: ['2']
Path contains regenerator node. Checking for best regen choice...
Best regen choice:  {'node': '2', 'path1': ['1', '2'], 'mod1': {'name': '16-QAM', 'capacity': 12.5, 'efficiency': 4, 'reach': 1000}, 'slots1': 7, 'path2': ['2', '5'], 'mod2': {'name': '16-QAM', 'capacity': 12.5, 'efficiency': 4, 'reach': 1000}, 'slots2': 7}

Checking for path:  ['1', '2']
  SUCCESS: Allocated slots 17 to 24 (including guard bit) for path ['1', '2']

Checking for path:  ['2', '5']
  SUCCESS: Allocated slots 0 to 7 (including guard bit) for path ['2', '5']
Allocated slots for path1
Allocated slots for path2
SUCCESS: Request from 1 to 5 allocated

Current Slot Usage:
1  -  2  :  [1, 1, 1, 1, 1, 1, 1, 1, 'G', 1, 1, 1, 1, 1, 1, 1, 'G', 1, 1, 1, 1, 1, 1, 1, 'G', 0, 0, 0, 0, 0, 0, 0, 0, 0, 0, 0, 0, 0, 0, 0, 0, 0, 0, 0, 0, 0, 0, 0, 0, 0]
1  -  3  :  [1, 1, 1, 1, 1, 'G', 0, 0, 0, 0, 0, 0, 0, 0, 0, 0, 0, 0, 0, 0, 0, 0, 0, 0, 0, 0, 0, 0, 0, 0, 0, 0, 0, 0, 0, 0, 0, 0, 0, 0, 0, 0, 0, 0, 0, 0, 0, 0, 0, 0]
3  -  2  :  [0, 0, 0, 0, 0, 0, 0, 0, 0, 0, 0, 0, 0, 0, 0, 0, 0, 0, 0, 0, 0, 0, 0, 0, 0, 0, 0, 0, 0, 0, 0, 0, 0, 0, 0, 0, 0, 0, 0, 0, 0, 0, 0, 0, 0, 0, 0, 0, 0, 0]
2  -  4  :  [1, 1, 1, 1, 1, 1, 1, 'G', 0, 0, 0, 0, 0, 0, 0, 0, 0, 0, 0, 0, 0, 0, 0, 0, 0, 0, 0, 0, 0, 0, 0, 0, 0, 0, 0, 0, 0, 0, 0, 0, 0, 0, 0, 0, 0, 0, 0, 0, 0, 0]
5  -  2  :  [1, 1, 1, 1, 1, 1, 1, 'G', 0, 0, 0, 0, 0, 0, 0, 0, 0, 0, 0, 0, 0, 0, 0, 0, 0, 0, 0, 0, 0, 0, 0, 0, 0, 0, 0, 0, 0, 0, 0, 0, 0, 0, 0, 0, 0, 0, 0, 0, 0, 0]
5  -  3  :  [0, 0, 0, 0, 0, 0, 0, 0, 0, 0, 0, 0, 0, 0, 0, 0, 0, 0, 0, 0, 0, 0, 0, 0, 0, 0, 0, 0, 0, 0, 0, 0, 0, 0, 0, 0, 0, 0, 0, 0, 0, 0, 0, 0, 0, 0, 0, 0, 0, 0]
5  -  4  :  [0, 0, 0, 0, 0, 0, 0, 0, 0, 0, 0, 0, 0, 0, 0, 0, 0, 0, 0, 0, 0, 0, 0, 0, 0, 0, 0, 0, 0, 0, 0, 0, 0, 0, 0, 0, 0, 0, 0, 0, 0, 0, 0, 0, 0, 0, 0, 0, 0, 0]
4  -  6  :  [0, 0, 0, 0, 0, 0, 0, 0, 0, 0, 0, 0, 0, 0, 0, 0, 0, 0, 0, 0, 0, 0, 0, 0, 0, 0, 0, 0, 0, 0, 0, 0, 0, 0, 0, 0, 0, 0, 0, 0, 0, 0, 0, 0, 0, 0, 0, 0, 0, 0]
5  -  6  :  [0, 0, 0, 0, 0, 0, 0, 0, 0, 0, 0, 0, 0, 0, 0, 0, 0, 0, 0, 0, 0, 0, 0, 0, 0, 0, 0, 0, 0, 0, 0, 0, 0, 0, 0, 0, 0, 0, 0, 0, 0, 0, 0, 0, 0, 0, 0, 0, 0, 0]

Source: 1
Destination: 6
Path: 1 -> 2 -> 4 -> 6
SP Length (km): 2800
Bandwidth (Gbps): 273
Intermediate nodes: ['2', '4']
Path contains regenerator node. Checking for best regen choice...
Best regen choice:  {'node': '2', 'path1': ['1', '2'], 'mod1': {'name': '16-QAM', 'capacity': 12.5, 'efficiency': 4, 'reach': 1000}, 'slots1': 6, 'path2': ['2', '4', '6'], 'mod2': {'name': '8-QAM', 'capacity': 12.5, 'efficiency': 3, 'reach': 2000}, 'slots2': 8}

Checking for path:  ['1', '2']
  SUCCESS: Allocated slots 25 to 31 (including guard bit) for path ['1', '2']

Checking for path:  ['2', '4', '6']
  SUCCESS: Allocated slots 8 to 16 (including guard bit) for path ['2', '4', '6']
Allocated slots for path1
Allocated slots for path2
SUCCESS: Request from 1 to 6 allocated

Current Slot Usage:
1  -  2  :  [1, 1, 1, 1, 1, 1, 1, 1, 'G', 1, 1, 1, 1, 1, 1, 1, 'G', 1, 1, 1, 1, 1, 1, 1, 'G', 1, 1, 1, 1, 1, 1, 'G', 0, 0, 0, 0, 0, 0, 0, 0, 0, 0, 0, 0, 0, 0, 0, 0, 0, 0]
1  -  3  :  [1, 1, 1, 1, 1, 'G', 0, 0, 0, 0, 0, 0, 0, 0, 0, 0, 0, 0, 0, 0, 0, 0, 0, 0, 0, 0, 0, 0, 0, 0, 0, 0, 0, 0, 0, 0, 0, 0, 0, 0, 0, 0, 0, 0, 0, 0, 0, 0, 0, 0]
3  -  2  :  [0, 0, 0, 0, 0, 0, 0, 0, 0, 0, 0, 0, 0, 0, 0, 0, 0, 0, 0, 0, 0, 0, 0, 0, 0, 0, 0, 0, 0, 0, 0, 0, 0, 0, 0, 0, 0, 0, 0, 0, 0, 0, 0, 0, 0, 0, 0, 0, 0, 0]
2  -  4  :  [1, 1, 1, 1, 1, 1, 1, 'G', 1, 1, 1, 1, 1, 1, 1, 1, 'G', 0, 0, 0, 0, 0, 0, 0, 0, 0, 0, 0, 0, 0, 0, 0, 0, 0, 0, 0, 0, 0, 0, 0, 0, 0, 0, 0, 0, 0, 0, 0, 0, 0]
5  -  2  :  [1, 1, 1, 1, 1, 1, 1, 'G', 0, 0, 0, 0, 0, 0, 0, 0, 0, 0, 0, 0, 0, 0, 0, 0, 0, 0, 0, 0, 0, 0, 0, 0, 0, 0, 0, 0, 0, 0, 0, 0, 0, 0, 0, 0, 0, 0, 0, 0, 0, 0]
5  -  3  :  [0, 0, 0, 0, 0, 0, 0, 0, 0, 0, 0, 0, 0, 0, 0, 0, 0, 0, 0, 0, 0, 0, 0, 0, 0, 0, 0, 0, 0, 0, 0, 0, 0, 0, 0, 0, 0, 0, 0, 0, 0, 0, 0, 0, 0, 0, 0, 0, 0, 0]
5  -  4  :  [0, 0, 0, 0, 0, 0, 0, 0, 0, 0, 0, 0, 0, 0, 0, 0, 0, 0, 0, 0, 0, 0, 0, 0, 0, 0, 0, 0, 0, 0, 0, 0, 0, 0, 0, 0, 0, 0, 0, 0, 0, 0, 0, 0, 0, 0, 0, 0, 0, 0]
4  -  6  :  [0, 0, 0, 0, 0, 0, 0, 0, 1, 1, 1, 1, 1, 1, 1, 1, 'G', 0, 0, 0, 0, 0, 0, 0, 0, 0, 0, 0, 0, 0, 0, 0, 0, 0, 0, 0, 0, 0, 0, 0, 0, 0, 0, 0, 0, 0, 0, 0, 0, 0]
5  -  6  :  [0, 0, 0, 0, 0, 0, 0, 0, 0, 0, 0, 0, 0, 0, 0, 0, 0, 0, 0, 0, 0, 0, 0, 0, 0, 0, 0, 0, 0, 0, 0, 0, 0, 0, 0, 0, 0, 0, 0, 0, 0, 0, 0, 0, 0, 0, 0, 0, 0, 0]

Source: 2
Destination: 1
Path: 2 -> 1
SP Length (km): 1000
Bandwidth (Gbps): 274
Intermediate nodes: []
Direct attempt: Modulation '16-QAM', Slots needed: 6

Checking for path:  ['2', '1']
  SUCCESS: Allocated slots 32 to 38 (including guard bit) for path ['2', '1']
SUCCESS: Allocated slots for the direct path.

Current Slot Usage:
1  -  2  :  [1, 1, 1, 1, 1, 1, 1, 1, 'G', 1, 1, 1, 1, 1, 1, 1, 'G', 1, 1, 1, 1, 1, 1, 1, 'G', 1, 1, 1, 1, 1, 1, 'G', 1, 1, 1, 1, 1, 1, 'G', 0, 0, 0, 0, 0, 0, 0, 0, 0, 0, 0]
1  -  3  :  [1, 1, 1, 1, 1, 'G', 0, 0, 0, 0, 0, 0, 0, 0, 0, 0, 0, 0, 0, 0, 0, 0, 0, 0, 0, 0, 0, 0, 0, 0, 0, 0, 0, 0, 0, 0, 0, 0, 0, 0, 0, 0, 0, 0, 0, 0, 0, 0, 0, 0]
3  -  2  :  [0, 0, 0, 0, 0, 0, 0, 0, 0, 0, 0, 0, 0, 0, 0, 0, 0, 0, 0, 0, 0, 0, 0, 0, 0, 0, 0, 0, 0, 0, 0, 0, 0, 0, 0, 0, 0, 0, 0, 0, 0, 0, 0, 0, 0, 0, 0, 0, 0, 0]
2  -  4  :  [1, 1, 1, 1, 1, 1, 1, 'G', 1, 1, 1, 1, 1, 1, 1, 1, 'G', 0, 0, 0, 0, 0, 0, 0, 0, 0, 0, 0, 0, 0, 0, 0, 0, 0, 0, 0, 0, 0, 0, 0, 0, 0, 0, 0, 0, 0, 0, 0, 0, 0]
5  -  2  :  [1, 1, 1, 1, 1, 1, 1, 'G', 0, 0, 0, 0, 0, 0, 0, 0, 0, 0, 0, 0, 0, 0, 0, 0, 0, 0, 0, 0, 0, 0, 0, 0, 0, 0, 0, 0, 0, 0, 0, 0, 0, 0, 0, 0, 0, 0, 0, 0, 0, 0]
5  -  3  :  [0, 0, 0, 0, 0, 0, 0, 0, 0, 0, 0, 0, 0, 0, 0, 0, 0, 0, 0, 0, 0, 0, 0, 0, 0, 0, 0, 0, 0, 0, 0, 0, 0, 0, 0, 0, 0, 0, 0, 0, 0, 0, 0, 0, 0, 0, 0, 0, 0, 0]
5  -  4  :  [0, 0, 0, 0, 0, 0, 0, 0, 0, 0, 0, 0, 0, 0, 0, 0, 0, 0, 0, 0, 0, 0, 0, 0, 0, 0, 0, 0, 0, 0, 0, 0, 0, 0, 0, 0, 0, 0, 0, 0, 0, 0, 0, 0, 0, 0, 0, 0, 0, 0]
4  -  6  :  [0, 0, 0, 0, 0, 0, 0, 0, 1, 1, 1, 1, 1, 1, 1, 1, 'G', 0, 0, 0, 0, 0, 0, 0, 0, 0, 0, 0, 0, 0, 0, 0, 0, 0, 0, 0, 0, 0, 0, 0, 0, 0, 0, 0, 0, 0, 0, 0, 0, 0]
5  -  6  :  [0, 0, 0, 0, 0, 0, 0, 0, 0, 0, 0, 0, 0, 0, 0, 0, 0, 0, 0, 0, 0, 0, 0, 0, 0, 0, 0, 0, 0, 0, 0, 0, 0, 0, 0, 0, 0, 0, 0, 0, 0, 0, 0, 0, 0, 0, 0, 0, 0, 0]

Source: 2
Destination: 3
Path: 2 -> 3
SP Length (km): 600
Bandwidth (Gbps): 297
Intermediate nodes: []
Direct attempt: Modulation '16-QAM', Slots needed: 6

Checking for path:  ['2', '3']
  SUCCESS: Allocated slots 0 to 6 (including guard bit) for path ['2', '3']
SUCCESS: Allocated slots for the direct path.

Current Slot Usage:
1  -  2  :  [1, 1, 1, 1, 1, 1, 1, 1, 'G', 1, 1, 1, 1, 1, 1, 1, 'G', 1, 1, 1, 1, 1, 1, 1, 'G', 1, 1, 1, 1, 1, 1, 'G', 1, 1, 1, 1, 1, 1, 'G', 0, 0, 0, 0, 0, 0, 0, 0, 0, 0, 0]
1  -  3  :  [1, 1, 1, 1, 1, 'G', 0, 0, 0, 0, 0, 0, 0, 0, 0, 0, 0, 0, 0, 0, 0, 0, 0, 0, 0, 0, 0, 0, 0, 0, 0, 0, 0, 0, 0, 0, 0, 0, 0, 0, 0, 0, 0, 0, 0, 0, 0, 0, 0, 0]
3  -  2  :  [1, 1, 1, 1, 1, 1, 'G', 0, 0, 0, 0, 0, 0, 0, 0, 0, 0, 0, 0, 0, 0, 0, 0, 0, 0, 0, 0, 0, 0, 0, 0, 0, 0, 0, 0, 0, 0, 0, 0, 0, 0, 0, 0, 0, 0, 0, 0, 0, 0, 0]
2  -  4  :  [1, 1, 1, 1, 1, 1, 1, 'G', 1, 1, 1, 1, 1, 1, 1, 1, 'G', 0, 0, 0, 0, 0, 0, 0, 0, 0, 0, 0, 0, 0, 0, 0, 0, 0, 0, 0, 0, 0, 0, 0, 0, 0, 0, 0, 0, 0, 0, 0, 0, 0]
5  -  2  :  [1, 1, 1, 1, 1, 1, 1, 'G', 0, 0, 0, 0, 0, 0, 0, 0, 0, 0, 0, 0, 0, 0, 0, 0, 0, 0, 0, 0, 0, 0, 0, 0, 0, 0, 0, 0, 0, 0, 0, 0, 0, 0, 0, 0, 0, 0, 0, 0, 0, 0]
5  -  3  :  [0, 0, 0, 0, 0, 0, 0, 0, 0, 0, 0, 0, 0, 0, 0, 0, 0, 0, 0, 0, 0, 0, 0, 0, 0, 0, 0, 0, 0, 0, 0, 0, 0, 0, 0, 0, 0, 0, 0, 0, 0, 0, 0, 0, 0, 0, 0, 0, 0, 0]
5  -  4  :  [0, 0, 0, 0, 0, 0, 0, 0, 0, 0, 0, 0, 0, 0, 0, 0, 0, 0, 0, 0, 0, 0, 0, 0, 0, 0, 0, 0, 0, 0, 0, 0, 0, 0, 0, 0, 0, 0, 0, 0, 0, 0, 0, 0, 0, 0, 0, 0, 0, 0]
4  -  6  :  [0, 0, 0, 0, 0, 0, 0, 0, 1, 1, 1, 1, 1, 1, 1, 1, 'G', 0, 0, 0, 0, 0, 0, 0, 0, 0, 0, 0, 0, 0, 0, 0, 0, 0, 0, 0, 0, 0, 0, 0, 0, 0, 0, 0, 0, 0, 0, 0, 0, 0]
5  -  6  :  [0, 0, 0, 0, 0, 0, 0, 0, 0, 0, 0, 0, 0, 0, 0, 0, 0, 0, 0, 0, 0, 0, 0, 0, 0, 0, 0, 0, 0, 0, 0, 0, 0, 0, 0, 0, 0, 0, 0, 0, 0, 0, 0, 0, 0, 0, 0, 0, 0, 0]

Source: 2
Destination: 4
Path: 2 -> 4
SP Length (km): 800
Bandwidth (Gbps): 238
Intermediate nodes: []
Direct attempt: Modulation '16-QAM', Slots needed: 5

Checking for path:  ['2', '4']
  SUCCESS: Allocated slots 17 to 22 (including guard bit) for path ['2', '4']
SUCCESS: Allocated slots for the direct path.

Current Slot Usage:
1  -  2  :  [1, 1, 1, 1, 1, 1, 1, 1, 'G', 1, 1, 1, 1, 1, 1, 1, 'G', 1, 1, 1, 1, 1, 1, 1, 'G', 1, 1, 1, 1, 1, 1, 'G', 1, 1, 1, 1, 1, 1, 'G', 0, 0, 0, 0, 0, 0, 0, 0, 0, 0, 0]
1  -  3  :  [1, 1, 1, 1, 1, 'G', 0, 0, 0, 0, 0, 0, 0, 0, 0, 0, 0, 0, 0, 0, 0, 0, 0, 0, 0, 0, 0, 0, 0, 0, 0, 0, 0, 0, 0, 0, 0, 0, 0, 0, 0, 0, 0, 0, 0, 0, 0, 0, 0, 0]
3  -  2  :  [1, 1, 1, 1, 1, 1, 'G', 0, 0, 0, 0, 0, 0, 0, 0, 0, 0, 0, 0, 0, 0, 0, 0, 0, 0, 0, 0, 0, 0, 0, 0, 0, 0, 0, 0, 0, 0, 0, 0, 0, 0, 0, 0, 0, 0, 0, 0, 0, 0, 0]
2  -  4  :  [1, 1, 1, 1, 1, 1, 1, 'G', 1, 1, 1, 1, 1, 1, 1, 1, 'G', 1, 1, 1, 1, 1, 'G', 0, 0, 0, 0, 0, 0, 0, 0, 0, 0, 0, 0, 0, 0, 0, 0, 0, 0, 0, 0, 0, 0, 0, 0, 0, 0, 0]
5  -  2  :  [1, 1, 1, 1, 1, 1, 1, 'G', 0, 0, 0, 0, 0, 0, 0, 0, 0, 0, 0, 0, 0, 0, 0, 0, 0, 0, 0, 0, 0, 0, 0, 0, 0, 0, 0, 0, 0, 0, 0, 0, 0, 0, 0, 0, 0, 0, 0, 0, 0, 0]
5  -  3  :  [0, 0, 0, 0, 0, 0, 0, 0, 0, 0, 0, 0, 0, 0, 0, 0, 0, 0, 0, 0, 0, 0, 0, 0, 0, 0, 0, 0, 0, 0, 0, 0, 0, 0, 0, 0, 0, 0, 0, 0, 0, 0, 0, 0, 0, 0, 0, 0, 0, 0]
5  -  4  :  [0, 0, 0, 0, 0, 0, 0, 0, 0, 0, 0, 0, 0, 0, 0, 0, 0, 0, 0, 0, 0, 0, 0, 0, 0, 0, 0, 0, 0, 0, 0, 0, 0, 0, 0, 0, 0, 0, 0, 0, 0, 0, 0, 0, 0, 0, 0, 0, 0, 0]
4  -  6  :  [0, 0, 0, 0, 0, 0, 0, 0, 1, 1, 1, 1, 1, 1, 1, 1, 'G', 0, 0, 0, 0, 0, 0, 0, 0, 0, 0, 0, 0, 0, 0, 0, 0, 0, 0, 0, 0, 0, 0, 0, 0, 0, 0, 0, 0, 0, 0, 0, 0, 0]
5  -  6  :  [0, 0, 0, 0, 0, 0, 0, 0, 0, 0, 0, 0, 0, 0, 0, 0, 0, 0, 0, 0, 0, 0, 0, 0, 0, 0, 0, 0, 0, 0, 0, 0, 0, 0, 0, 0, 0, 0, 0, 0, 0, 0, 0, 0, 0, 0, 0, 0, 0, 0]

Source: 2
Destination: 5
Path: 2 -> 5
SP Length (km): 1000
Bandwidth (Gbps): 379
Intermediate nodes: []
Direct attempt: Modulation '16-QAM', Slots needed: 8

Checking for path:  ['2', '5']
  SUCCESS: Allocated slots 8 to 16 (including guard bit) for path ['2', '5']
SUCCESS: Allocated slots for the direct path.

Current Slot Usage:
1  -  2  :  [1, 1, 1, 1, 1, 1, 1, 1, 'G', 1, 1, 1, 1, 1, 1, 1, 'G', 1, 1, 1, 1, 1, 1, 1, 'G', 1, 1, 1, 1, 1, 1, 'G', 1, 1, 1, 1, 1, 1, 'G', 0, 0, 0, 0, 0, 0, 0, 0, 0, 0, 0]
1  -  3  :  [1, 1, 1, 1, 1, 'G', 0, 0, 0, 0, 0, 0, 0, 0, 0, 0, 0, 0, 0, 0, 0, 0, 0, 0, 0, 0, 0, 0, 0, 0, 0, 0, 0, 0, 0, 0, 0, 0, 0, 0, 0, 0, 0, 0, 0, 0, 0, 0, 0, 0]
3  -  2  :  [1, 1, 1, 1, 1, 1, 'G', 0, 0, 0, 0, 0, 0, 0, 0, 0, 0, 0, 0, 0, 0, 0, 0, 0, 0, 0, 0, 0, 0, 0, 0, 0, 0, 0, 0, 0, 0, 0, 0, 0, 0, 0, 0, 0, 0, 0, 0, 0, 0, 0]
2  -  4  :  [1, 1, 1, 1, 1, 1, 1, 'G', 1, 1, 1, 1, 1, 1, 1, 1, 'G', 1, 1, 1, 1, 1, 'G', 0, 0, 0, 0, 0, 0, 0, 0, 0, 0, 0, 0, 0, 0, 0, 0, 0, 0, 0, 0, 0, 0, 0, 0, 0, 0, 0]
5  -  2  :  [1, 1, 1, 1, 1, 1, 1, 'G', 1, 1, 1, 1, 1, 1, 1, 1, 'G', 0, 0, 0, 0, 0, 0, 0, 0, 0, 0, 0, 0, 0, 0, 0, 0, 0, 0, 0, 0, 0, 0, 0, 0, 0, 0, 0, 0, 0, 0, 0, 0, 0]
5  -  3  :  [0, 0, 0, 0, 0, 0, 0, 0, 0, 0, 0, 0, 0, 0, 0, 0, 0, 0, 0, 0, 0, 0, 0, 0, 0, 0, 0, 0, 0, 0, 0, 0, 0, 0, 0, 0, 0, 0, 0, 0, 0, 0, 0, 0, 0, 0, 0, 0, 0, 0]
5  -  4  :  [0, 0, 0, 0, 0, 0, 0, 0, 0, 0, 0, 0, 0, 0, 0, 0, 0, 0, 0, 0, 0, 0, 0, 0, 0, 0, 0, 0, 0, 0, 0, 0, 0, 0, 0, 0, 0, 0, 0, 0, 0, 0, 0, 0, 0, 0, 0, 0, 0, 0]
4  -  6  :  [0, 0, 0, 0, 0, 0, 0, 0, 1, 1, 1, 1, 1, 1, 1, 1, 'G', 0, 0, 0, 0, 0, 0, 0, 0, 0, 0, 0, 0, 0, 0, 0, 0, 0, 0, 0, 0, 0, 0, 0, 0, 0, 0, 0, 0, 0, 0, 0, 0, 0]
5  -  6  :  [0, 0, 0, 0, 0, 0, 0, 0, 0, 0, 0, 0, 0, 0, 0, 0, 0, 0, 0, 0, 0, 0, 0, 0, 0, 0, 0, 0, 0, 0, 0, 0, 0, 0, 0, 0, 0, 0, 0, 0, 0, 0, 0, 0, 0, 0, 0, 0, 0, 0]

Source: 2
Destination: 6
Path: 2 -> 4 -> 6
SP Length (km): 1800
Bandwidth (Gbps): 310
Intermediate nodes: ['4']
Path contains regenerator node. Checking for best regen choice...
Best regen choice:  {'node': '4', 'path1': ['2', '4'], 'mod1': {'name': '16-QAM', 'capacity': 12.5, 'efficiency': 4, 'reach': 1000}, 'slots1': 7, 'path2': ['4', '6'], 'mod2': {'name': '16-QAM', 'capacity': 12.5, 'efficiency': 4, 'reach': 1000}, 'slots2': 7}

Checking for path:  ['2', '4']
  SUCCESS: Allocated slots 23 to 30 (including guard bit) for path ['2', '4']

Checking for path:  ['4', '6']
  SUCCESS: Allocated slots 0 to 7 (including guard bit) for path ['4', '6']
Allocated slots for path1
Allocated slots for path2
SUCCESS: Request from 2 to 6 allocated

Current Slot Usage:
1  -  2  :  [1, 1, 1, 1, 1, 1, 1, 1, 'G', 1, 1, 1, 1, 1, 1, 1, 'G', 1, 1, 1, 1, 1, 1, 1, 'G', 1, 1, 1, 1, 1, 1, 'G', 1, 1, 1, 1, 1, 1, 'G', 0, 0, 0, 0, 0, 0, 0, 0, 0, 0, 0]
1  -  3  :  [1, 1, 1, 1, 1, 'G', 0, 0, 0, 0, 0, 0, 0, 0, 0, 0, 0, 0, 0, 0, 0, 0, 0, 0, 0, 0, 0, 0, 0, 0, 0, 0, 0, 0, 0, 0, 0, 0, 0, 0, 0, 0, 0, 0, 0, 0, 0, 0, 0, 0]
3  -  2  :  [1, 1, 1, 1, 1, 1, 'G', 0, 0, 0, 0, 0, 0, 0, 0, 0, 0, 0, 0, 0, 0, 0, 0, 0, 0, 0, 0, 0, 0, 0, 0, 0, 0, 0, 0, 0, 0, 0, 0, 0, 0, 0, 0, 0, 0, 0, 0, 0, 0, 0]
2  -  4  :  [1, 1, 1, 1, 1, 1, 1, 'G', 1, 1, 1, 1, 1, 1, 1, 1, 'G', 1, 1, 1, 1, 1, 'G', 1, 1, 1, 1, 1, 1, 1, 'G', 0, 0, 0, 0, 0, 0, 0, 0, 0, 0, 0, 0, 0, 0, 0, 0, 0, 0, 0]
5  -  2  :  [1, 1, 1, 1, 1, 1, 1, 'G', 1, 1, 1, 1, 1, 1, 1, 1, 'G', 0, 0, 0, 0, 0, 0, 0, 0, 0, 0, 0, 0, 0, 0, 0, 0, 0, 0, 0, 0, 0, 0, 0, 0, 0, 0, 0, 0, 0, 0, 0, 0, 0]
5  -  3  :  [0, 0, 0, 0, 0, 0, 0, 0, 0, 0, 0, 0, 0, 0, 0, 0, 0, 0, 0, 0, 0, 0, 0, 0, 0, 0, 0, 0, 0, 0, 0, 0, 0, 0, 0, 0, 0, 0, 0, 0, 0, 0, 0, 0, 0, 0, 0, 0, 0, 0]
5  -  4  :  [0, 0, 0, 0, 0, 0, 0, 0, 0, 0, 0, 0, 0, 0, 0, 0, 0, 0, 0, 0, 0, 0, 0, 0, 0, 0, 0, 0, 0, 0, 0, 0, 0, 0, 0, 0, 0, 0, 0, 0, 0, 0, 0, 0, 0, 0, 0, 0, 0, 0]
4  -  6  :  [1, 1, 1, 1, 1, 1, 1, 'G', 1, 1, 1, 1, 1, 1, 1, 1, 'G', 0, 0, 0, 0, 0, 0, 0, 0, 0, 0, 0, 0, 0, 0, 0, 0, 0, 0, 0, 0, 0, 0, 0, 0, 0, 0, 0, 0, 0, 0, 0, 0, 0]
5  -  6  :  [0, 0, 0, 0, 0, 0, 0, 0, 0, 0, 0, 0, 0, 0, 0, 0, 0, 0, 0, 0, 0, 0, 0, 0, 0, 0, 0, 0, 0, 0, 0, 0, 0, 0, 0, 0, 0, 0, 0, 0, 0, 0, 0, 0, 0, 0, 0, 0, 0, 0]

Source: 3
Destination: 1
Path: 3 -> 1
SP Length (km): 1200
Bandwidth (Gbps): 337
Intermediate nodes: []
Direct attempt: Modulation '8-QAM', Slots needed: 9

Checking for path:  ['3', '1']
  SUCCESS: Allocated slots 6 to 15 (including guard bit) for path ['3', '1']
SUCCESS: Allocated slots for the direct path.

Current Slot Usage:
1  -  2  :  [1, 1, 1, 1, 1, 1, 1, 1, 'G', 1, 1, 1, 1, 1, 1, 1, 'G', 1, 1, 1, 1, 1, 1, 1, 'G', 1, 1, 1, 1, 1, 1, 'G', 1, 1, 1, 1, 1, 1, 'G', 0, 0, 0, 0, 0, 0, 0, 0, 0, 0, 0]
1  -  3  :  [1, 1, 1, 1, 1, 'G', 1, 1, 1, 1, 1, 1, 1, 1, 1, 'G', 0, 0, 0, 0, 0, 0, 0, 0, 0, 0, 0, 0, 0, 0, 0, 0, 0, 0, 0, 0, 0, 0, 0, 0, 0, 0, 0, 0, 0, 0, 0, 0, 0, 0]
3  -  2  :  [1, 1, 1, 1, 1, 1, 'G', 0, 0, 0, 0, 0, 0, 0, 0, 0, 0, 0, 0, 0, 0, 0, 0, 0, 0, 0, 0, 0, 0, 0, 0, 0, 0, 0, 0, 0, 0, 0, 0, 0, 0, 0, 0, 0, 0, 0, 0, 0, 0, 0]
2  -  4  :  [1, 1, 1, 1, 1, 1, 1, 'G', 1, 1, 1, 1, 1, 1, 1, 1, 'G', 1, 1, 1, 1, 1, 'G', 1, 1, 1, 1, 1, 1, 1, 'G', 0, 0, 0, 0, 0, 0, 0, 0, 0, 0, 0, 0, 0, 0, 0, 0, 0, 0, 0]
5  -  2  :  [1, 1, 1, 1, 1, 1, 1, 'G', 1, 1, 1, 1, 1, 1, 1, 1, 'G', 0, 0, 0, 0, 0, 0, 0, 0, 0, 0, 0, 0, 0, 0, 0, 0, 0, 0, 0, 0, 0, 0, 0, 0, 0, 0, 0, 0, 0, 0, 0, 0, 0]
5  -  3  :  [0, 0, 0, 0, 0, 0, 0, 0, 0, 0, 0, 0, 0, 0, 0, 0, 0, 0, 0, 0, 0, 0, 0, 0, 0, 0, 0, 0, 0, 0, 0, 0, 0, 0, 0, 0, 0, 0, 0, 0, 0, 0, 0, 0, 0, 0, 0, 0, 0, 0]
5  -  4  :  [0, 0, 0, 0, 0, 0, 0, 0, 0, 0, 0, 0, 0, 0, 0, 0, 0, 0, 0, 0, 0, 0, 0, 0, 0, 0, 0, 0, 0, 0, 0, 0, 0, 0, 0, 0, 0, 0, 0, 0, 0, 0, 0, 0, 0, 0, 0, 0, 0, 0]
4  -  6  :  [1, 1, 1, 1, 1, 1, 1, 'G', 1, 1, 1, 1, 1, 1, 1, 1, 'G', 0, 0, 0, 0, 0, 0, 0, 0, 0, 0, 0, 0, 0, 0, 0, 0, 0, 0, 0, 0, 0, 0, 0, 0, 0, 0, 0, 0, 0, 0, 0, 0, 0]
5  -  6  :  [0, 0, 0, 0, 0, 0, 0, 0, 0, 0, 0, 0, 0, 0, 0, 0, 0, 0, 0, 0, 0, 0, 0, 0, 0, 0, 0, 0, 0, 0, 0, 0, 0, 0, 0, 0, 0, 0, 0, 0, 0, 0, 0, 0, 0, 0, 0, 0, 0, 0]

Source: 3
Destination: 2
Path: 3 -> 2
SP Length (km): 600
Bandwidth (Gbps): 103
Intermediate nodes: []
Direct attempt: Modulation '16-QAM', Slots needed: 3

Checking for path:  ['3', '2']
  SUCCESS: Allocated slots 7 to 10 (including guard bit) for path ['3', '2']
SUCCESS: Allocated slots for the direct path.

Current Slot Usage:
1  -  2  :  [1, 1, 1, 1, 1, 1, 1, 1, 'G', 1, 1, 1, 1, 1, 1, 1, 'G', 1, 1, 1, 1, 1, 1, 1, 'G', 1, 1, 1, 1, 1, 1, 'G', 1, 1, 1, 1, 1, 1, 'G', 0, 0, 0, 0, 0, 0, 0, 0, 0, 0, 0]
1  -  3  :  [1, 1, 1, 1, 1, 'G', 1, 1, 1, 1, 1, 1, 1, 1, 1, 'G', 0, 0, 0, 0, 0, 0, 0, 0, 0, 0, 0, 0, 0, 0, 0, 0, 0, 0, 0, 0, 0, 0, 0, 0, 0, 0, 0, 0, 0, 0, 0, 0, 0, 0]
3  -  2  :  [1, 1, 1, 1, 1, 1, 'G', 1, 1, 1, 'G', 0, 0, 0, 0, 0, 0, 0, 0, 0, 0, 0, 0, 0, 0, 0, 0, 0, 0, 0, 0, 0, 0, 0, 0, 0, 0, 0, 0, 0, 0, 0, 0, 0, 0, 0, 0, 0, 0, 0]
2  -  4  :  [1, 1, 1, 1, 1, 1, 1, 'G', 1, 1, 1, 1, 1, 1, 1, 1, 'G', 1, 1, 1, 1, 1, 'G', 1, 1, 1, 1, 1, 1, 1, 'G', 0, 0, 0, 0, 0, 0, 0, 0, 0, 0, 0, 0, 0, 0, 0, 0, 0, 0, 0]
5  -  2  :  [1, 1, 1, 1, 1, 1, 1, 'G', 1, 1, 1, 1, 1, 1, 1, 1, 'G', 0, 0, 0, 0, 0, 0, 0, 0, 0, 0, 0, 0, 0, 0, 0, 0, 0, 0, 0, 0, 0, 0, 0, 0, 0, 0, 0, 0, 0, 0, 0, 0, 0]
5  -  3  :  [0, 0, 0, 0, 0, 0, 0, 0, 0, 0, 0, 0, 0, 0, 0, 0, 0, 0, 0, 0, 0, 0, 0, 0, 0, 0, 0, 0, 0, 0, 0, 0, 0, 0, 0, 0, 0, 0, 0, 0, 0, 0, 0, 0, 0, 0, 0, 0, 0, 0]
5  -  4  :  [0, 0, 0, 0, 0, 0, 0, 0, 0, 0, 0, 0, 0, 0, 0, 0, 0, 0, 0, 0, 0, 0, 0, 0, 0, 0, 0, 0, 0, 0, 0, 0, 0, 0, 0, 0, 0, 0, 0, 0, 0, 0, 0, 0, 0, 0, 0, 0, 0, 0]
4  -  6  :  [1, 1, 1, 1, 1, 1, 1, 'G', 1, 1, 1, 1, 1, 1, 1, 1, 'G', 0, 0, 0, 0, 0, 0, 0, 0, 0, 0, 0, 0, 0, 0, 0, 0, 0, 0, 0, 0, 0, 0, 0, 0, 0, 0, 0, 0, 0, 0, 0, 0, 0]
5  -  6  :  [0, 0, 0, 0, 0, 0, 0, 0, 0, 0, 0, 0, 0, 0, 0, 0, 0, 0, 0, 0, 0, 0, 0, 0, 0, 0, 0, 0, 0, 0, 0, 0, 0, 0, 0, 0, 0, 0, 0, 0, 0, 0, 0, 0, 0, 0, 0, 0, 0, 0]

Source: 3
Destination: 4
Path: 3 -> 2 -> 4
SP Length (km): 1400
Bandwidth (Gbps): 127
Intermediate nodes: ['2']
Path contains regenerator node. Checking for best regen choice...
Best regen choice:  {'node': '2', 'path1': ['3', '2'], 'mod1': {'name': '16-QAM', 'capacity': 12.5, 'efficiency': 4, 'reach': 1000}, 'slots1': 3, 'path2': ['2', '4'], 'mod2': {'name': '16-QAM', 'capacity': 12.5, 'efficiency': 4, 'reach': 1000}, 'slots2': 3}

Checking for path:  ['3', '2']
  SUCCESS: Allocated slots 11 to 14 (including guard bit) for path ['3', '2']

Checking for path:  ['2', '4']
  SUCCESS: Allocated slots 31 to 34 (including guard bit) for path ['2', '4']
Allocated slots for path1
Allocated slots for path2
SUCCESS: Request from 3 to 4 allocated

Current Slot Usage:
1  -  2  :  [1, 1, 1, 1, 1, 1, 1, 1, 'G', 1, 1, 1, 1, 1, 1, 1, 'G', 1, 1, 1, 1, 1, 1, 1, 'G', 1, 1, 1, 1, 1, 1, 'G', 1, 1, 1, 1, 1, 1, 'G', 0, 0, 0, 0, 0, 0, 0, 0, 0, 0, 0]
1  -  3  :  [1, 1, 1, 1, 1, 'G', 1, 1, 1, 1, 1, 1, 1, 1, 1, 'G', 0, 0, 0, 0, 0, 0, 0, 0, 0, 0, 0, 0, 0, 0, 0, 0, 0, 0, 0, 0, 0, 0, 0, 0, 0, 0, 0, 0, 0, 0, 0, 0, 0, 0]
3  -  2  :  [1, 1, 1, 1, 1, 1, 'G', 1, 1, 1, 'G', 1, 1, 1, 'G', 0, 0, 0, 0, 0, 0, 0, 0, 0, 0, 0, 0, 0, 0, 0, 0, 0, 0, 0, 0, 0, 0, 0, 0, 0, 0, 0, 0, 0, 0, 0, 0, 0, 0, 0]
2  -  4  :  [1, 1, 1, 1, 1, 1, 1, 'G', 1, 1, 1, 1, 1, 1, 1, 1, 'G', 1, 1, 1, 1, 1, 'G', 1, 1, 1, 1, 1, 1, 1, 'G', 1, 1, 1, 'G', 0, 0, 0, 0, 0, 0, 0, 0, 0, 0, 0, 0, 0, 0, 0]
5  -  2  :  [1, 1, 1, 1, 1, 1, 1, 'G', 1, 1, 1, 1, 1, 1, 1, 1, 'G', 0, 0, 0, 0, 0, 0, 0, 0, 0, 0, 0, 0, 0, 0, 0, 0, 0, 0, 0, 0, 0, 0, 0, 0, 0, 0, 0, 0, 0, 0, 0, 0, 0]
5  -  3  :  [0, 0, 0, 0, 0, 0, 0, 0, 0, 0, 0, 0, 0, 0, 0, 0, 0, 0, 0, 0, 0, 0, 0, 0, 0, 0, 0, 0, 0, 0, 0, 0, 0, 0, 0, 0, 0, 0, 0, 0, 0, 0, 0, 0, 0, 0, 0, 0, 0, 0]
5  -  4  :  [0, 0, 0, 0, 0, 0, 0, 0, 0, 0, 0, 0, 0, 0, 0, 0, 0, 0, 0, 0, 0, 0, 0, 0, 0, 0, 0, 0, 0, 0, 0, 0, 0, 0, 0, 0, 0, 0, 0, 0, 0, 0, 0, 0, 0, 0, 0, 0, 0, 0]
4  -  6  :  [1, 1, 1, 1, 1, 1, 1, 'G', 1, 1, 1, 1, 1, 1, 1, 1, 'G', 0, 0, 0, 0, 0, 0, 0, 0, 0, 0, 0, 0, 0, 0, 0, 0, 0, 0, 0, 0, 0, 0, 0, 0, 0, 0, 0, 0, 0, 0, 0, 0, 0]
5  -  6  :  [0, 0, 0, 0, 0, 0, 0, 0, 0, 0, 0, 0, 0, 0, 0, 0, 0, 0, 0, 0, 0, 0, 0, 0, 0, 0, 0, 0, 0, 0, 0, 0, 0, 0, 0, 0, 0, 0, 0, 0, 0, 0, 0, 0, 0, 0, 0, 0, 0, 0]

Source: 3
Destination: 5
Path: 3 -> 5
SP Length (km): 800
Bandwidth (Gbps): 155
Intermediate nodes: []
Direct attempt: Modulation '16-QAM', Slots needed: 4

Checking for path:  ['3', '5']
  SUCCESS: Allocated slots 0 to 4 (including guard bit) for path ['3', '5']
SUCCESS: Allocated slots for the direct path.

Current Slot Usage:
1  -  2  :  [1, 1, 1, 1, 1, 1, 1, 1, 'G', 1, 1, 1, 1, 1, 1, 1, 'G', 1, 1, 1, 1, 1, 1, 1, 'G', 1, 1, 1, 1, 1, 1, 'G', 1, 1, 1, 1, 1, 1, 'G', 0, 0, 0, 0, 0, 0, 0, 0, 0, 0, 0]
1  -  3  :  [1, 1, 1, 1, 1, 'G', 1, 1, 1, 1, 1, 1, 1, 1, 1, 'G', 0, 0, 0, 0, 0, 0, 0, 0, 0, 0, 0, 0, 0, 0, 0, 0, 0, 0, 0, 0, 0, 0, 0, 0, 0, 0, 0, 0, 0, 0, 0, 0, 0, 0]
3  -  2  :  [1, 1, 1, 1, 1, 1, 'G', 1, 1, 1, 'G', 1, 1, 1, 'G', 0, 0, 0, 0, 0, 0, 0, 0, 0, 0, 0, 0, 0, 0, 0, 0, 0, 0, 0, 0, 0, 0, 0, 0, 0, 0, 0, 0, 0, 0, 0, 0, 0, 0, 0]
2  -  4  :  [1, 1, 1, 1, 1, 1, 1, 'G', 1, 1, 1, 1, 1, 1, 1, 1, 'G', 1, 1, 1, 1, 1, 'G', 1, 1, 1, 1, 1, 1, 1, 'G', 1, 1, 1, 'G', 0, 0, 0, 0, 0, 0, 0, 0, 0, 0, 0, 0, 0, 0, 0]
5  -  2  :  [1, 1, 1, 1, 1, 1, 1, 'G', 1, 1, 1, 1, 1, 1, 1, 1, 'G', 0, 0, 0, 0, 0, 0, 0, 0, 0, 0, 0, 0, 0, 0, 0, 0, 0, 0, 0, 0, 0, 0, 0, 0, 0, 0, 0, 0, 0, 0, 0, 0, 0]
5  -  3  :  [1, 1, 1, 1, 'G', 0, 0, 0, 0, 0, 0, 0, 0, 0, 0, 0, 0, 0, 0, 0, 0, 0, 0, 0, 0, 0, 0, 0, 0, 0, 0, 0, 0, 0, 0, 0, 0, 0, 0, 0, 0, 0, 0, 0, 0, 0, 0, 0, 0, 0]
5  -  4  :  [0, 0, 0, 0, 0, 0, 0, 0, 0, 0, 0, 0, 0, 0, 0, 0, 0, 0, 0, 0, 0, 0, 0, 0, 0, 0, 0, 0, 0, 0, 0, 0, 0, 0, 0, 0, 0, 0, 0, 0, 0, 0, 0, 0, 0, 0, 0, 0, 0, 0]
4  -  6  :  [1, 1, 1, 1, 1, 1, 1, 'G', 1, 1, 1, 1, 1, 1, 1, 1, 'G', 0, 0, 0, 0, 0, 0, 0, 0, 0, 0, 0, 0, 0, 0, 0, 0, 0, 0, 0, 0, 0, 0, 0, 0, 0, 0, 0, 0, 0, 0, 0, 0, 0]
5  -  6  :  [0, 0, 0, 0, 0, 0, 0, 0, 0, 0, 0, 0, 0, 0, 0, 0, 0, 0, 0, 0, 0, 0, 0, 0, 0, 0, 0, 0, 0, 0, 0, 0, 0, 0, 0, 0, 0, 0, 0, 0, 0, 0, 0, 0, 0, 0, 0, 0, 0, 0]

Source: 3
Destination: 6
Path: 3 -> 5 -> 6
SP Length (km): 2000
Bandwidth (Gbps): 136
Intermediate nodes: ['5']
Path contains regenerator node. Checking for best regen choice...
Best regen choice:  {'node': '5', 'path1': ['3', '5'], 'mod1': {'name': '16-QAM', 'capacity': 12.5, 'efficiency': 4, 'reach': 1000}, 'slots1': 3, 'path2': ['5', '6'], 'mod2': {'name': '8-QAM', 'capacity': 12.5, 'efficiency': 3, 'reach': 2000}, 'slots2': 4}

Checking for path:  ['3', '5']
  SUCCESS: Allocated slots 5 to 8 (including guard bit) for path ['3', '5']

Checking for path:  ['5', '6']
  SUCCESS: Allocated slots 0 to 4 (including guard bit) for path ['5', '6']
Allocated slots for path1
Allocated slots for path2
SUCCESS: Request from 3 to 6 allocated

Current Slot Usage:
1  -  2  :  [1, 1, 1, 1, 1, 1, 1, 1, 'G', 1, 1, 1, 1, 1, 1, 1, 'G', 1, 1, 1, 1, 1, 1, 1, 'G', 1, 1, 1, 1, 1, 1, 'G', 1, 1, 1, 1, 1, 1, 'G', 0, 0, 0, 0, 0, 0, 0, 0, 0, 0, 0]
1  -  3  :  [1, 1, 1, 1, 1, 'G', 1, 1, 1, 1, 1, 1, 1, 1, 1, 'G', 0, 0, 0, 0, 0, 0, 0, 0, 0, 0, 0, 0, 0, 0, 0, 0, 0, 0, 0, 0, 0, 0, 0, 0, 0, 0, 0, 0, 0, 0, 0, 0, 0, 0]
3  -  2  :  [1, 1, 1, 1, 1, 1, 'G', 1, 1, 1, 'G', 1, 1, 1, 'G', 0, 0, 0, 0, 0, 0, 0, 0, 0, 0, 0, 0, 0, 0, 0, 0, 0, 0, 0, 0, 0, 0, 0, 0, 0, 0, 0, 0, 0, 0, 0, 0, 0, 0, 0]
2  -  4  :  [1, 1, 1, 1, 1, 1, 1, 'G', 1, 1, 1, 1, 1, 1, 1, 1, 'G', 1, 1, 1, 1, 1, 'G', 1, 1, 1, 1, 1, 1, 1, 'G', 1, 1, 1, 'G', 0, 0, 0, 0, 0, 0, 0, 0, 0, 0, 0, 0, 0, 0, 0]
5  -  2  :  [1, 1, 1, 1, 1, 1, 1, 'G', 1, 1, 1, 1, 1, 1, 1, 1, 'G', 0, 0, 0, 0, 0, 0, 0, 0, 0, 0, 0, 0, 0, 0, 0, 0, 0, 0, 0, 0, 0, 0, 0, 0, 0, 0, 0, 0, 0, 0, 0, 0, 0]
5  -  3  :  [1, 1, 1, 1, 'G', 1, 1, 1, 'G', 0, 0, 0, 0, 0, 0, 0, 0, 0, 0, 0, 0, 0, 0, 0, 0, 0, 0, 0, 0, 0, 0, 0, 0, 0, 0, 0, 0, 0, 0, 0, 0, 0, 0, 0, 0, 0, 0, 0, 0, 0]
5  -  4  :  [0, 0, 0, 0, 0, 0, 0, 0, 0, 0, 0, 0, 0, 0, 0, 0, 0, 0, 0, 0, 0, 0, 0, 0, 0, 0, 0, 0, 0, 0, 0, 0, 0, 0, 0, 0, 0, 0, 0, 0, 0, 0, 0, 0, 0, 0, 0, 0, 0, 0]
4  -  6  :  [1, 1, 1, 1, 1, 1, 1, 'G', 1, 1, 1, 1, 1, 1, 1, 1, 'G', 0, 0, 0, 0, 0, 0, 0, 0, 0, 0, 0, 0, 0, 0, 0, 0, 0, 0, 0, 0, 0, 0, 0, 0, 0, 0, 0, 0, 0, 0, 0, 0, 0]
5  -  6  :  [1, 1, 1, 1, 'G', 0, 0, 0, 0, 0, 0, 0, 0, 0, 0, 0, 0, 0, 0, 0, 0, 0, 0, 0, 0, 0, 0, 0, 0, 0, 0, 0, 0, 0, 0, 0, 0, 0, 0, 0, 0, 0, 0, 0, 0, 0, 0, 0, 0, 0]

Source: 4
Destination: 1
Path: 4 -> 2 -> 1
SP Length (km): 1800
Bandwidth (Gbps): 238
Intermediate nodes: ['2']
Path contains regenerator node. Checking for best regen choice...
Best regen choice:  {'node': '2', 'path1': ['4', '2'], 'mod1': {'name': '16-QAM', 'capacity': 12.5, 'efficiency': 4, 'reach': 1000}, 'slots1': 5, 'path2': ['2', '1'], 'mod2': {'name': '16-QAM', 'capacity': 12.5, 'efficiency': 4, 'reach': 1000}, 'slots2': 5}

Checking for path:  ['4', '2']
  SUCCESS: Allocated slots 35 to 40 (including guard bit) for path ['4', '2']

Checking for path:  ['2', '1']
  SUCCESS: Allocated slots 39 to 44 (including guard bit) for path ['2', '1']
Allocated slots for path1
Allocated slots for path2
SUCCESS: Request from 4 to 1 allocated

Current Slot Usage:
1  -  2  :  [1, 1, 1, 1, 1, 1, 1, 1, 'G', 1, 1, 1, 1, 1, 1, 1, 'G', 1, 1, 1, 1, 1, 1, 1, 'G', 1, 1, 1, 1, 1, 1, 'G', 1, 1, 1, 1, 1, 1, 'G', 1, 1, 1, 1, 1, 'G', 0, 0, 0, 0, 0]
1  -  3  :  [1, 1, 1, 1, 1, 'G', 1, 1, 1, 1, 1, 1, 1, 1, 1, 'G', 0, 0, 0, 0, 0, 0, 0, 0, 0, 0, 0, 0, 0, 0, 0, 0, 0, 0, 0, 0, 0, 0, 0, 0, 0, 0, 0, 0, 0, 0, 0, 0, 0, 0]
3  -  2  :  [1, 1, 1, 1, 1, 1, 'G', 1, 1, 1, 'G', 1, 1, 1, 'G', 0, 0, 0, 0, 0, 0, 0, 0, 0, 0, 0, 0, 0, 0, 0, 0, 0, 0, 0, 0, 0, 0, 0, 0, 0, 0, 0, 0, 0, 0, 0, 0, 0, 0, 0]
2  -  4  :  [1, 1, 1, 1, 1, 1, 1, 'G', 1, 1, 1, 1, 1, 1, 1, 1, 'G', 1, 1, 1, 1, 1, 'G', 1, 1, 1, 1, 1, 1, 1, 'G', 1, 1, 1, 'G', 1, 1, 1, 1, 1, 'G', 0, 0, 0, 0, 0, 0, 0, 0, 0]
5  -  2  :  [1, 1, 1, 1, 1, 1, 1, 'G', 1, 1, 1, 1, 1, 1, 1, 1, 'G', 0, 0, 0, 0, 0, 0, 0, 0, 0, 0, 0, 0, 0, 0, 0, 0, 0, 0, 0, 0, 0, 0, 0, 0, 0, 0, 0, 0, 0, 0, 0, 0, 0]
5  -  3  :  [1, 1, 1, 1, 'G', 1, 1, 1, 'G', 0, 0, 0, 0, 0, 0, 0, 0, 0, 0, 0, 0, 0, 0, 0, 0, 0, 0, 0, 0, 0, 0, 0, 0, 0, 0, 0, 0, 0, 0, 0, 0, 0, 0, 0, 0, 0, 0, 0, 0, 0]
5  -  4  :  [0, 0, 0, 0, 0, 0, 0, 0, 0, 0, 0, 0, 0, 0, 0, 0, 0, 0, 0, 0, 0, 0, 0, 0, 0, 0, 0, 0, 0, 0, 0, 0, 0, 0, 0, 0, 0, 0, 0, 0, 0, 0, 0, 0, 0, 0, 0, 0, 0, 0]
4  -  6  :  [1, 1, 1, 1, 1, 1, 1, 'G', 1, 1, 1, 1, 1, 1, 1, 1, 'G', 0, 0, 0, 0, 0, 0, 0, 0, 0, 0, 0, 0, 0, 0, 0, 0, 0, 0, 0, 0, 0, 0, 0, 0, 0, 0, 0, 0, 0, 0, 0, 0, 0]
5  -  6  :  [1, 1, 1, 1, 'G', 0, 0, 0, 0, 0, 0, 0, 0, 0, 0, 0, 0, 0, 0, 0, 0, 0, 0, 0, 0, 0, 0, 0, 0, 0, 0, 0, 0, 0, 0, 0, 0, 0, 0, 0, 0, 0, 0, 0, 0, 0, 0, 0, 0, 0]

Source: 4
Destination: 2
Path: 4 -> 2
SP Length (km): 800
Bandwidth (Gbps): 278
Intermediate nodes: []
Direct attempt: Modulation '16-QAM', Slots needed: 6

Checking for path:  ['4', '2']
  SUCCESS: Allocated slots 41 to 47 (including guard bit) for path ['4', '2']
SUCCESS: Allocated slots for the direct path.

Current Slot Usage:
1  -  2  :  [1, 1, 1, 1, 1, 1, 1, 1, 'G', 1, 1, 1, 1, 1, 1, 1, 'G', 1, 1, 1, 1, 1, 1, 1, 'G', 1, 1, 1, 1, 1, 1, 'G', 1, 1, 1, 1, 1, 1, 'G', 1, 1, 1, 1, 1, 'G', 0, 0, 0, 0, 0]
1  -  3  :  [1, 1, 1, 1, 1, 'G', 1, 1, 1, 1, 1, 1, 1, 1, 1, 'G', 0, 0, 0, 0, 0, 0, 0, 0, 0, 0, 0, 0, 0, 0, 0, 0, 0, 0, 0, 0, 0, 0, 0, 0, 0, 0, 0, 0, 0, 0, 0, 0, 0, 0]
3  -  2  :  [1, 1, 1, 1, 1, 1, 'G', 1, 1, 1, 'G', 1, 1, 1, 'G', 0, 0, 0, 0, 0, 0, 0, 0, 0, 0, 0, 0, 0, 0, 0, 0, 0, 0, 0, 0, 0, 0, 0, 0, 0, 0, 0, 0, 0, 0, 0, 0, 0, 0, 0]
2  -  4  :  [1, 1, 1, 1, 1, 1, 1, 'G', 1, 1, 1, 1, 1, 1, 1, 1, 'G', 1, 1, 1, 1, 1, 'G', 1, 1, 1, 1, 1, 1, 1, 'G', 1, 1, 1, 'G', 1, 1, 1, 1, 1, 'G', 1, 1, 1, 1, 1, 1, 'G', 0, 0]
5  -  2  :  [1, 1, 1, 1, 1, 1, 1, 'G', 1, 1, 1, 1, 1, 1, 1, 1, 'G', 0, 0, 0, 0, 0, 0, 0, 0, 0, 0, 0, 0, 0, 0, 0, 0, 0, 0, 0, 0, 0, 0, 0, 0, 0, 0, 0, 0, 0, 0, 0, 0, 0]
5  -  3  :  [1, 1, 1, 1, 'G', 1, 1, 1, 'G', 0, 0, 0, 0, 0, 0, 0, 0, 0, 0, 0, 0, 0, 0, 0, 0, 0, 0, 0, 0, 0, 0, 0, 0, 0, 0, 0, 0, 0, 0, 0, 0, 0, 0, 0, 0, 0, 0, 0, 0, 0]
5  -  4  :  [0, 0, 0, 0, 0, 0, 0, 0, 0, 0, 0, 0, 0, 0, 0, 0, 0, 0, 0, 0, 0, 0, 0, 0, 0, 0, 0, 0, 0, 0, 0, 0, 0, 0, 0, 0, 0, 0, 0, 0, 0, 0, 0, 0, 0, 0, 0, 0, 0, 0]
4  -  6  :  [1, 1, 1, 1, 1, 1, 1, 'G', 1, 1, 1, 1, 1, 1, 1, 1, 'G', 0, 0, 0, 0, 0, 0, 0, 0, 0, 0, 0, 0, 0, 0, 0, 0, 0, 0, 0, 0, 0, 0, 0, 0, 0, 0, 0, 0, 0, 0, 0, 0, 0]
5  -  6  :  [1, 1, 1, 1, 'G', 0, 0, 0, 0, 0, 0, 0, 0, 0, 0, 0, 0, 0, 0, 0, 0, 0, 0, 0, 0, 0, 0, 0, 0, 0, 0, 0, 0, 0, 0, 0, 0, 0, 0, 0, 0, 0, 0, 0, 0, 0, 0, 0, 0, 0]

Source: 4
Destination: 3
Path: 4 -> 5 -> 3
SP Length (km): 1400
Bandwidth (Gbps): 374
Intermediate nodes: ['5']
Path contains regenerator node. Checking for best regen choice...
Best regen choice:  {'node': '5', 'path1': ['4', '5'], 'mod1': {'name': '16-QAM', 'capacity': 12.5, 'efficiency': 4, 'reach': 1000}, 'slots1': 8, 'path2': ['5', '3'], 'mod2': {'name': '16-QAM', 'capacity': 12.5, 'efficiency': 4, 'reach': 1000}, 'slots2': 8}

Checking for path:  ['4', '5']
  SUCCESS: Allocated slots 0 to 8 (including guard bit) for path ['4', '5']

Checking for path:  ['5', '3']
  SUCCESS: Allocated slots 9 to 17 (including guard bit) for path ['5', '3']
Allocated slots for path1
Allocated slots for path2
SUCCESS: Request from 4 to 3 allocated

Current Slot Usage:
1  -  2  :  [1, 1, 1, 1, 1, 1, 1, 1, 'G', 1, 1, 1, 1, 1, 1, 1, 'G', 1, 1, 1, 1, 1, 1, 1, 'G', 1, 1, 1, 1, 1, 1, 'G', 1, 1, 1, 1, 1, 1, 'G', 1, 1, 1, 1, 1, 'G', 0, 0, 0, 0, 0]
1  -  3  :  [1, 1, 1, 1, 1, 'G', 1, 1, 1, 1, 1, 1, 1, 1, 1, 'G', 0, 0, 0, 0, 0, 0, 0, 0, 0, 0, 0, 0, 0, 0, 0, 0, 0, 0, 0, 0, 0, 0, 0, 0, 0, 0, 0, 0, 0, 0, 0, 0, 0, 0]
3  -  2  :  [1, 1, 1, 1, 1, 1, 'G', 1, 1, 1, 'G', 1, 1, 1, 'G', 0, 0, 0, 0, 0, 0, 0, 0, 0, 0, 0, 0, 0, 0, 0, 0, 0, 0, 0, 0, 0, 0, 0, 0, 0, 0, 0, 0, 0, 0, 0, 0, 0, 0, 0]
2  -  4  :  [1, 1, 1, 1, 1, 1, 1, 'G', 1, 1, 1, 1, 1, 1, 1, 1, 'G', 1, 1, 1, 1, 1, 'G', 1, 1, 1, 1, 1, 1, 1, 'G', 1, 1, 1, 'G', 1, 1, 1, 1, 1, 'G', 1, 1, 1, 1, 1, 1, 'G', 0, 0]
5  -  2  :  [1, 1, 1, 1, 1, 1, 1, 'G', 1, 1, 1, 1, 1, 1, 1, 1, 'G', 0, 0, 0, 0, 0, 0, 0, 0, 0, 0, 0, 0, 0, 0, 0, 0, 0, 0, 0, 0, 0, 0, 0, 0, 0, 0, 0, 0, 0, 0, 0, 0, 0]
5  -  3  :  [1, 1, 1, 1, 'G', 1, 1, 1, 'G', 1, 1, 1, 1, 1, 1, 1, 1, 'G', 0, 0, 0, 0, 0, 0, 0, 0, 0, 0, 0, 0, 0, 0, 0, 0, 0, 0, 0, 0, 0, 0, 0, 0, 0, 0, 0, 0, 0, 0, 0, 0]
5  -  4  :  [1, 1, 1, 1, 1, 1, 1, 1, 'G', 0, 0, 0, 0, 0, 0, 0, 0, 0, 0, 0, 0, 0, 0, 0, 0, 0, 0, 0, 0, 0, 0, 0, 0, 0, 0, 0, 0, 0, 0, 0, 0, 0, 0, 0, 0, 0, 0, 0, 0, 0]
4  -  6  :  [1, 1, 1, 1, 1, 1, 1, 'G', 1, 1, 1, 1, 1, 1, 1, 1, 'G', 0, 0, 0, 0, 0, 0, 0, 0, 0, 0, 0, 0, 0, 0, 0, 0, 0, 0, 0, 0, 0, 0, 0, 0, 0, 0, 0, 0, 0, 0, 0, 0, 0]
5  -  6  :  [1, 1, 1, 1, 'G', 0, 0, 0, 0, 0, 0, 0, 0, 0, 0, 0, 0, 0, 0, 0, 0, 0, 0, 0, 0, 0, 0, 0, 0, 0, 0, 0, 0, 0, 0, 0, 0, 0, 0, 0, 0, 0, 0, 0, 0, 0, 0, 0, 0, 0]

Source: 4
Destination: 5
Path: 4 -> 5
SP Length (km): 600
Bandwidth (Gbps): 111
Intermediate nodes: []
Direct attempt: Modulation '16-QAM', Slots needed: 3

Checking for path:  ['4', '5']
  SUCCESS: Allocated slots 9 to 12 (including guard bit) for path ['4', '5']
SUCCESS: Allocated slots for the direct path.

Current Slot Usage:
1  -  2  :  [1, 1, 1, 1, 1, 1, 1, 1, 'G', 1, 1, 1, 1, 1, 1, 1, 'G', 1, 1, 1, 1, 1, 1, 1, 'G', 1, 1, 1, 1, 1, 1, 'G', 1, 1, 1, 1, 1, 1, 'G', 1, 1, 1, 1, 1, 'G', 0, 0, 0, 0, 0]
1  -  3  :  [1, 1, 1, 1, 1, 'G', 1, 1, 1, 1, 1, 1, 1, 1, 1, 'G', 0, 0, 0, 0, 0, 0, 0, 0, 0, 0, 0, 0, 0, 0, 0, 0, 0, 0, 0, 0, 0, 0, 0, 0, 0, 0, 0, 0, 0, 0, 0, 0, 0, 0]
3  -  2  :  [1, 1, 1, 1, 1, 1, 'G', 1, 1, 1, 'G', 1, 1, 1, 'G', 0, 0, 0, 0, 0, 0, 0, 0, 0, 0, 0, 0, 0, 0, 0, 0, 0, 0, 0, 0, 0, 0, 0, 0, 0, 0, 0, 0, 0, 0, 0, 0, 0, 0, 0]
2  -  4  :  [1, 1, 1, 1, 1, 1, 1, 'G', 1, 1, 1, 1, 1, 1, 1, 1, 'G', 1, 1, 1, 1, 1, 'G', 1, 1, 1, 1, 1, 1, 1, 'G', 1, 1, 1, 'G', 1, 1, 1, 1, 1, 'G', 1, 1, 1, 1, 1, 1, 'G', 0, 0]
5  -  2  :  [1, 1, 1, 1, 1, 1, 1, 'G', 1, 1, 1, 1, 1, 1, 1, 1, 'G', 0, 0, 0, 0, 0, 0, 0, 0, 0, 0, 0, 0, 0, 0, 0, 0, 0, 0, 0, 0, 0, 0, 0, 0, 0, 0, 0, 0, 0, 0, 0, 0, 0]
5  -  3  :  [1, 1, 1, 1, 'G', 1, 1, 1, 'G', 1, 1, 1, 1, 1, 1, 1, 1, 'G', 0, 0, 0, 0, 0, 0, 0, 0, 0, 0, 0, 0, 0, 0, 0, 0, 0, 0, 0, 0, 0, 0, 0, 0, 0, 0, 0, 0, 0, 0, 0, 0]
5  -  4  :  [1, 1, 1, 1, 1, 1, 1, 1, 'G', 1, 1, 1, 'G', 0, 0, 0, 0, 0, 0, 0, 0, 0, 0, 0, 0, 0, 0, 0, 0, 0, 0, 0, 0, 0, 0, 0, 0, 0, 0, 0, 0, 0, 0, 0, 0, 0, 0, 0, 0, 0]
4  -  6  :  [1, 1, 1, 1, 1, 1, 1, 'G', 1, 1, 1, 1, 1, 1, 1, 1, 'G', 0, 0, 0, 0, 0, 0, 0, 0, 0, 0, 0, 0, 0, 0, 0, 0, 0, 0, 0, 0, 0, 0, 0, 0, 0, 0, 0, 0, 0, 0, 0, 0, 0]
5  -  6  :  [1, 1, 1, 1, 'G', 0, 0, 0, 0, 0, 0, 0, 0, 0, 0, 0, 0, 0, 0, 0, 0, 0, 0, 0, 0, 0, 0, 0, 0, 0, 0, 0, 0, 0, 0, 0, 0, 0, 0, 0, 0, 0, 0, 0, 0, 0, 0, 0, 0, 0]

Source: 4
Destination: 6
Path: 4 -> 6
SP Length (km): 1000
Bandwidth (Gbps): 277
Intermediate nodes: []
Direct attempt: Modulation '16-QAM', Slots needed: 6

Checking for path:  ['4', '6']
  SUCCESS: Allocated slots 17 to 23 (including guard bit) for path ['4', '6']
SUCCESS: Allocated slots for the direct path.

Current Slot Usage:
1  -  2  :  [1, 1, 1, 1, 1, 1, 1, 1, 'G', 1, 1, 1, 1, 1, 1, 1, 'G', 1, 1, 1, 1, 1, 1, 1, 'G', 1, 1, 1, 1, 1, 1, 'G', 1, 1, 1, 1, 1, 1, 'G', 1, 1, 1, 1, 1, 'G', 0, 0, 0, 0, 0]
1  -  3  :  [1, 1, 1, 1, 1, 'G', 1, 1, 1, 1, 1, 1, 1, 1, 1, 'G', 0, 0, 0, 0, 0, 0, 0, 0, 0, 0, 0, 0, 0, 0, 0, 0, 0, 0, 0, 0, 0, 0, 0, 0, 0, 0, 0, 0, 0, 0, 0, 0, 0, 0]
3  -  2  :  [1, 1, 1, 1, 1, 1, 'G', 1, 1, 1, 'G', 1, 1, 1, 'G', 0, 0, 0, 0, 0, 0, 0, 0, 0, 0, 0, 0, 0, 0, 0, 0, 0, 0, 0, 0, 0, 0, 0, 0, 0, 0, 0, 0, 0, 0, 0, 0, 0, 0, 0]
2  -  4  :  [1, 1, 1, 1, 1, 1, 1, 'G', 1, 1, 1, 1, 1, 1, 1, 1, 'G', 1, 1, 1, 1, 1, 'G', 1, 1, 1, 1, 1, 1, 1, 'G', 1, 1, 1, 'G', 1, 1, 1, 1, 1, 'G', 1, 1, 1, 1, 1, 1, 'G', 0, 0]
5  -  2  :  [1, 1, 1, 1, 1, 1, 1, 'G', 1, 1, 1, 1, 1, 1, 1, 1, 'G', 0, 0, 0, 0, 0, 0, 0, 0, 0, 0, 0, 0, 0, 0, 0, 0, 0, 0, 0, 0, 0, 0, 0, 0, 0, 0, 0, 0, 0, 0, 0, 0, 0]
5  -  3  :  [1, 1, 1, 1, 'G', 1, 1, 1, 'G', 1, 1, 1, 1, 1, 1, 1, 1, 'G', 0, 0, 0, 0, 0, 0, 0, 0, 0, 0, 0, 0, 0, 0, 0, 0, 0, 0, 0, 0, 0, 0, 0, 0, 0, 0, 0, 0, 0, 0, 0, 0]
5  -  4  :  [1, 1, 1, 1, 1, 1, 1, 1, 'G', 1, 1, 1, 'G', 0, 0, 0, 0, 0, 0, 0, 0, 0, 0, 0, 0, 0, 0, 0, 0, 0, 0, 0, 0, 0, 0, 0, 0, 0, 0, 0, 0, 0, 0, 0, 0, 0, 0, 0, 0, 0]
4  -  6  :  [1, 1, 1, 1, 1, 1, 1, 'G', 1, 1, 1, 1, 1, 1, 1, 1, 'G', 1, 1, 1, 1, 1, 1, 'G', 0, 0, 0, 0, 0, 0, 0, 0, 0, 0, 0, 0, 0, 0, 0, 0, 0, 0, 0, 0, 0, 0, 0, 0, 0, 0]
5  -  6  :  [1, 1, 1, 1, 'G', 0, 0, 0, 0, 0, 0, 0, 0, 0, 0, 0, 0, 0, 0, 0, 0, 0, 0, 0, 0, 0, 0, 0, 0, 0, 0, 0, 0, 0, 0, 0, 0, 0, 0, 0, 0, 0, 0, 0, 0, 0, 0, 0, 0, 0]

Source: 5
Destination: 1
Path: 5 -> 3 -> 1
SP Length (km): 2000
Bandwidth (Gbps): 239
Intermediate nodes: ['3']
Path contains regenerator node. Checking for best regen choice...
Best regen choice:  {'node': '3', 'path1': ['5', '3'], 'mod1': {'name': '16-QAM', 'capacity': 12.5, 'efficiency': 4, 'reach': 1000}, 'slots1': 5, 'path2': ['3', '1'], 'mod2': {'name': '8-QAM', 'capacity': 12.5, 'efficiency': 3, 'reach': 2000}, 'slots2': 7}

Checking for path:  ['5', '3']
  SUCCESS: Allocated slots 18 to 23 (including guard bit) for path ['5', '3']

Checking for path:  ['3', '1']
  SUCCESS: Allocated slots 16 to 23 (including guard bit) for path ['3', '1']
Allocated slots for path1
Allocated slots for path2
SUCCESS: Request from 5 to 1 allocated

Current Slot Usage:
1  -  2  :  [1, 1, 1, 1, 1, 1, 1, 1, 'G', 1, 1, 1, 1, 1, 1, 1, 'G', 1, 1, 1, 1, 1, 1, 1, 'G', 1, 1, 1, 1, 1, 1, 'G', 1, 1, 1, 1, 1, 1, 'G', 1, 1, 1, 1, 1, 'G', 0, 0, 0, 0, 0]
1  -  3  :  [1, 1, 1, 1, 1, 'G', 1, 1, 1, 1, 1, 1, 1, 1, 1, 'G', 1, 1, 1, 1, 1, 1, 1, 'G', 0, 0, 0, 0, 0, 0, 0, 0, 0, 0, 0, 0, 0, 0, 0, 0, 0, 0, 0, 0, 0, 0, 0, 0, 0, 0]
3  -  2  :  [1, 1, 1, 1, 1, 1, 'G', 1, 1, 1, 'G', 1, 1, 1, 'G', 0, 0, 0, 0, 0, 0, 0, 0, 0, 0, 0, 0, 0, 0, 0, 0, 0, 0, 0, 0, 0, 0, 0, 0, 0, 0, 0, 0, 0, 0, 0, 0, 0, 0, 0]
2  -  4  :  [1, 1, 1, 1, 1, 1, 1, 'G', 1, 1, 1, 1, 1, 1, 1, 1, 'G', 1, 1, 1, 1, 1, 'G', 1, 1, 1, 1, 1, 1, 1, 'G', 1, 1, 1, 'G', 1, 1, 1, 1, 1, 'G', 1, 1, 1, 1, 1, 1, 'G', 0, 0]
5  -  2  :  [1, 1, 1, 1, 1, 1, 1, 'G', 1, 1, 1, 1, 1, 1, 1, 1, 'G', 0, 0, 0, 0, 0, 0, 0, 0, 0, 0, 0, 0, 0, 0, 0, 0, 0, 0, 0, 0, 0, 0, 0, 0, 0, 0, 0, 0, 0, 0, 0, 0, 0]
5  -  3  :  [1, 1, 1, 1, 'G', 1, 1, 1, 'G', 1, 1, 1, 1, 1, 1, 1, 1, 'G', 1, 1, 1, 1, 1, 'G', 0, 0, 0, 0, 0, 0, 0, 0, 0, 0, 0, 0, 0, 0, 0, 0, 0, 0, 0, 0, 0, 0, 0, 0, 0, 0]
5  -  4  :  [1, 1, 1, 1, 1, 1, 1, 1, 'G', 1, 1, 1, 'G', 0, 0, 0, 0, 0, 0, 0, 0, 0, 0, 0, 0, 0, 0, 0, 0, 0, 0, 0, 0, 0, 0, 0, 0, 0, 0, 0, 0, 0, 0, 0, 0, 0, 0, 0, 0, 0]
4  -  6  :  [1, 1, 1, 1, 1, 1, 1, 'G', 1, 1, 1, 1, 1, 1, 1, 1, 'G', 1, 1, 1, 1, 1, 1, 'G', 0, 0, 0, 0, 0, 0, 0, 0, 0, 0, 0, 0, 0, 0, 0, 0, 0, 0, 0, 0, 0, 0, 0, 0, 0, 0]
5  -  6  :  [1, 1, 1, 1, 'G', 0, 0, 0, 0, 0, 0, 0, 0, 0, 0, 0, 0, 0, 0, 0, 0, 0, 0, 0, 0, 0, 0, 0, 0, 0, 0, 0, 0, 0, 0, 0, 0, 0, 0, 0, 0, 0, 0, 0, 0, 0, 0, 0, 0, 0]

Source: 5
Destination: 2
Path: 5 -> 2
SP Length (km): 1000
Bandwidth (Gbps): 302
Intermediate nodes: []
Direct attempt: Modulation '16-QAM', Slots needed: 7

Checking for path:  ['5', '2']
  SUCCESS: Allocated slots 17 to 24 (including guard bit) for path ['5', '2']
SUCCESS: Allocated slots for the direct path.

Current Slot Usage:
1  -  2  :  [1, 1, 1, 1, 1, 1, 1, 1, 'G', 1, 1, 1, 1, 1, 1, 1, 'G', 1, 1, 1, 1, 1, 1, 1, 'G', 1, 1, 1, 1, 1, 1, 'G', 1, 1, 1, 1, 1, 1, 'G', 1, 1, 1, 1, 1, 'G', 0, 0, 0, 0, 0]
1  -  3  :  [1, 1, 1, 1, 1, 'G', 1, 1, 1, 1, 1, 1, 1, 1, 1, 'G', 1, 1, 1, 1, 1, 1, 1, 'G', 0, 0, 0, 0, 0, 0, 0, 0, 0, 0, 0, 0, 0, 0, 0, 0, 0, 0, 0, 0, 0, 0, 0, 0, 0, 0]
3  -  2  :  [1, 1, 1, 1, 1, 1, 'G', 1, 1, 1, 'G', 1, 1, 1, 'G', 0, 0, 0, 0, 0, 0, 0, 0, 0, 0, 0, 0, 0, 0, 0, 0, 0, 0, 0, 0, 0, 0, 0, 0, 0, 0, 0, 0, 0, 0, 0, 0, 0, 0, 0]
2  -  4  :  [1, 1, 1, 1, 1, 1, 1, 'G', 1, 1, 1, 1, 1, 1, 1, 1, 'G', 1, 1, 1, 1, 1, 'G', 1, 1, 1, 1, 1, 1, 1, 'G', 1, 1, 1, 'G', 1, 1, 1, 1, 1, 'G', 1, 1, 1, 1, 1, 1, 'G', 0, 0]
5  -  2  :  [1, 1, 1, 1, 1, 1, 1, 'G', 1, 1, 1, 1, 1, 1, 1, 1, 'G', 1, 1, 1, 1, 1, 1, 1, 'G', 0, 0, 0, 0, 0, 0, 0, 0, 0, 0, 0, 0, 0, 0, 0, 0, 0, 0, 0, 0, 0, 0, 0, 0, 0]
5  -  3  :  [1, 1, 1, 1, 'G', 1, 1, 1, 'G', 1, 1, 1, 1, 1, 1, 1, 1, 'G', 1, 1, 1, 1, 1, 'G', 0, 0, 0, 0, 0, 0, 0, 0, 0, 0, 0, 0, 0, 0, 0, 0, 0, 0, 0, 0, 0, 0, 0, 0, 0, 0]
5  -  4  :  [1, 1, 1, 1, 1, 1, 1, 1, 'G', 1, 1, 1, 'G', 0, 0, 0, 0, 0, 0, 0, 0, 0, 0, 0, 0, 0, 0, 0, 0, 0, 0, 0, 0, 0, 0, 0, 0, 0, 0, 0, 0, 0, 0, 0, 0, 0, 0, 0, 0, 0]
4  -  6  :  [1, 1, 1, 1, 1, 1, 1, 'G', 1, 1, 1, 1, 1, 1, 1, 1, 'G', 1, 1, 1, 1, 1, 1, 'G', 0, 0, 0, 0, 0, 0, 0, 0, 0, 0, 0, 0, 0, 0, 0, 0, 0, 0, 0, 0, 0, 0, 0, 0, 0, 0]
5  -  6  :  [1, 1, 1, 1, 'G', 0, 0, 0, 0, 0, 0, 0, 0, 0, 0, 0, 0, 0, 0, 0, 0, 0, 0, 0, 0, 0, 0, 0, 0, 0, 0, 0, 0, 0, 0, 0, 0, 0, 0, 0, 0, 0, 0, 0, 0, 0, 0, 0, 0, 0]

Source: 5
Destination: 3
Path: 5 -> 3
SP Length (km): 800
Bandwidth (Gbps): 301
Intermediate nodes: []
Direct attempt: Modulation '16-QAM', Slots needed: 7

Checking for path:  ['5', '3']
  SUCCESS: Allocated slots 24 to 31 (including guard bit) for path ['5', '3']
SUCCESS: Allocated slots for the direct path.

Current Slot Usage:
1  -  2  :  [1, 1, 1, 1, 1, 1, 1, 1, 'G', 1, 1, 1, 1, 1, 1, 1, 'G', 1, 1, 1, 1, 1, 1, 1, 'G', 1, 1, 1, 1, 1, 1, 'G', 1, 1, 1, 1, 1, 1, 'G', 1, 1, 1, 1, 1, 'G', 0, 0, 0, 0, 0]
1  -  3  :  [1, 1, 1, 1, 1, 'G', 1, 1, 1, 1, 1, 1, 1, 1, 1, 'G', 1, 1, 1, 1, 1, 1, 1, 'G', 0, 0, 0, 0, 0, 0, 0, 0, 0, 0, 0, 0, 0, 0, 0, 0, 0, 0, 0, 0, 0, 0, 0, 0, 0, 0]
3  -  2  :  [1, 1, 1, 1, 1, 1, 'G', 1, 1, 1, 'G', 1, 1, 1, 'G', 0, 0, 0, 0, 0, 0, 0, 0, 0, 0, 0, 0, 0, 0, 0, 0, 0, 0, 0, 0, 0, 0, 0, 0, 0, 0, 0, 0, 0, 0, 0, 0, 0, 0, 0]
2  -  4  :  [1, 1, 1, 1, 1, 1, 1, 'G', 1, 1, 1, 1, 1, 1, 1, 1, 'G', 1, 1, 1, 1, 1, 'G', 1, 1, 1, 1, 1, 1, 1, 'G', 1, 1, 1, 'G', 1, 1, 1, 1, 1, 'G', 1, 1, 1, 1, 1, 1, 'G', 0, 0]
5  -  2  :  [1, 1, 1, 1, 1, 1, 1, 'G', 1, 1, 1, 1, 1, 1, 1, 1, 'G', 1, 1, 1, 1, 1, 1, 1, 'G', 0, 0, 0, 0, 0, 0, 0, 0, 0, 0, 0, 0, 0, 0, 0, 0, 0, 0, 0, 0, 0, 0, 0, 0, 0]
5  -  3  :  [1, 1, 1, 1, 'G', 1, 1, 1, 'G', 1, 1, 1, 1, 1, 1, 1, 1, 'G', 1, 1, 1, 1, 1, 'G', 1, 1, 1, 1, 1, 1, 1, 'G', 0, 0, 0, 0, 0, 0, 0, 0, 0, 0, 0, 0, 0, 0, 0, 0, 0, 0]
5  -  4  :  [1, 1, 1, 1, 1, 1, 1, 1, 'G', 1, 1, 1, 'G', 0, 0, 0, 0, 0, 0, 0, 0, 0, 0, 0, 0, 0, 0, 0, 0, 0, 0, 0, 0, 0, 0, 0, 0, 0, 0, 0, 0, 0, 0, 0, 0, 0, 0, 0, 0, 0]
4  -  6  :  [1, 1, 1, 1, 1, 1, 1, 'G', 1, 1, 1, 1, 1, 1, 1, 1, 'G', 1, 1, 1, 1, 1, 1, 'G', 0, 0, 0, 0, 0, 0, 0, 0, 0, 0, 0, 0, 0, 0, 0, 0, 0, 0, 0, 0, 0, 0, 0, 0, 0, 0]
5  -  6  :  [1, 1, 1, 1, 'G', 0, 0, 0, 0, 0, 0, 0, 0, 0, 0, 0, 0, 0, 0, 0, 0, 0, 0, 0, 0, 0, 0, 0, 0, 0, 0, 0, 0, 0, 0, 0, 0, 0, 0, 0, 0, 0, 0, 0, 0, 0, 0, 0, 0, 0]

Source: 5
Destination: 4
Path: 5 -> 4
SP Length (km): 600
Bandwidth (Gbps): 190
Intermediate nodes: []
Direct attempt: Modulation '16-QAM', Slots needed: 4

Checking for path:  ['5', '4']
  SUCCESS: Allocated slots 13 to 17 (including guard bit) for path ['5', '4']
SUCCESS: Allocated slots for the direct path.

Current Slot Usage:
1  -  2  :  [1, 1, 1, 1, 1, 1, 1, 1, 'G', 1, 1, 1, 1, 1, 1, 1, 'G', 1, 1, 1, 1, 1, 1, 1, 'G', 1, 1, 1, 1, 1, 1, 'G', 1, 1, 1, 1, 1, 1, 'G', 1, 1, 1, 1, 1, 'G', 0, 0, 0, 0, 0]
1  -  3  :  [1, 1, 1, 1, 1, 'G', 1, 1, 1, 1, 1, 1, 1, 1, 1, 'G', 1, 1, 1, 1, 1, 1, 1, 'G', 0, 0, 0, 0, 0, 0, 0, 0, 0, 0, 0, 0, 0, 0, 0, 0, 0, 0, 0, 0, 0, 0, 0, 0, 0, 0]
3  -  2  :  [1, 1, 1, 1, 1, 1, 'G', 1, 1, 1, 'G', 1, 1, 1, 'G', 0, 0, 0, 0, 0, 0, 0, 0, 0, 0, 0, 0, 0, 0, 0, 0, 0, 0, 0, 0, 0, 0, 0, 0, 0, 0, 0, 0, 0, 0, 0, 0, 0, 0, 0]
2  -  4  :  [1, 1, 1, 1, 1, 1, 1, 'G', 1, 1, 1, 1, 1, 1, 1, 1, 'G', 1, 1, 1, 1, 1, 'G', 1, 1, 1, 1, 1, 1, 1, 'G', 1, 1, 1, 'G', 1, 1, 1, 1, 1, 'G', 1, 1, 1, 1, 1, 1, 'G', 0, 0]
5  -  2  :  [1, 1, 1, 1, 1, 1, 1, 'G', 1, 1, 1, 1, 1, 1, 1, 1, 'G', 1, 1, 1, 1, 1, 1, 1, 'G', 0, 0, 0, 0, 0, 0, 0, 0, 0, 0, 0, 0, 0, 0, 0, 0, 0, 0, 0, 0, 0, 0, 0, 0, 0]
5  -  3  :  [1, 1, 1, 1, 'G', 1, 1, 1, 'G', 1, 1, 1, 1, 1, 1, 1, 1, 'G', 1, 1, 1, 1, 1, 'G', 1, 1, 1, 1, 1, 1, 1, 'G', 0, 0, 0, 0, 0, 0, 0, 0, 0, 0, 0, 0, 0, 0, 0, 0, 0, 0]
5  -  4  :  [1, 1, 1, 1, 1, 1, 1, 1, 'G', 1, 1, 1, 'G', 1, 1, 1, 1, 'G', 0, 0, 0, 0, 0, 0, 0, 0, 0, 0, 0, 0, 0, 0, 0, 0, 0, 0, 0, 0, 0, 0, 0, 0, 0, 0, 0, 0, 0, 0, 0, 0]
4  -  6  :  [1, 1, 1, 1, 1, 1, 1, 'G', 1, 1, 1, 1, 1, 1, 1, 1, 'G', 1, 1, 1, 1, 1, 1, 'G', 0, 0, 0, 0, 0, 0, 0, 0, 0, 0, 0, 0, 0, 0, 0, 0, 0, 0, 0, 0, 0, 0, 0, 0, 0, 0]
5  -  6  :  [1, 1, 1, 1, 'G', 0, 0, 0, 0, 0, 0, 0, 0, 0, 0, 0, 0, 0, 0, 0, 0, 0, 0, 0, 0, 0, 0, 0, 0, 0, 0, 0, 0, 0, 0, 0, 0, 0, 0, 0, 0, 0, 0, 0, 0, 0, 0, 0, 0, 0]

Source: 5
Destination: 6
Path: 5 -> 6
SP Length (km): 1200
Bandwidth (Gbps): 191
Intermediate nodes: []
Direct attempt: Modulation '8-QAM', Slots needed: 6

Checking for path:  ['5', '6']
  SUCCESS: Allocated slots 5 to 11 (including guard bit) for path ['5', '6']
SUCCESS: Allocated slots for the direct path.

Current Slot Usage:
1  -  2  :  [1, 1, 1, 1, 1, 1, 1, 1, 'G', 1, 1, 1, 1, 1, 1, 1, 'G', 1, 1, 1, 1, 1, 1, 1, 'G', 1, 1, 1, 1, 1, 1, 'G', 1, 1, 1, 1, 1, 1, 'G', 1, 1, 1, 1, 1, 'G', 0, 0, 0, 0, 0]
1  -  3  :  [1, 1, 1, 1, 1, 'G', 1, 1, 1, 1, 1, 1, 1, 1, 1, 'G', 1, 1, 1, 1, 1, 1, 1, 'G', 0, 0, 0, 0, 0, 0, 0, 0, 0, 0, 0, 0, 0, 0, 0, 0, 0, 0, 0, 0, 0, 0, 0, 0, 0, 0]
3  -  2  :  [1, 1, 1, 1, 1, 1, 'G', 1, 1, 1, 'G', 1, 1, 1, 'G', 0, 0, 0, 0, 0, 0, 0, 0, 0, 0, 0, 0, 0, 0, 0, 0, 0, 0, 0, 0, 0, 0, 0, 0, 0, 0, 0, 0, 0, 0, 0, 0, 0, 0, 0]
2  -  4  :  [1, 1, 1, 1, 1, 1, 1, 'G', 1, 1, 1, 1, 1, 1, 1, 1, 'G', 1, 1, 1, 1, 1, 'G', 1, 1, 1, 1, 1, 1, 1, 'G', 1, 1, 1, 'G', 1, 1, 1, 1, 1, 'G', 1, 1, 1, 1, 1, 1, 'G', 0, 0]
5  -  2  :  [1, 1, 1, 1, 1, 1, 1, 'G', 1, 1, 1, 1, 1, 1, 1, 1, 'G', 1, 1, 1, 1, 1, 1, 1, 'G', 0, 0, 0, 0, 0, 0, 0, 0, 0, 0, 0, 0, 0, 0, 0, 0, 0, 0, 0, 0, 0, 0, 0, 0, 0]
5  -  3  :  [1, 1, 1, 1, 'G', 1, 1, 1, 'G', 1, 1, 1, 1, 1, 1, 1, 1, 'G', 1, 1, 1, 1, 1, 'G', 1, 1, 1, 1, 1, 1, 1, 'G', 0, 0, 0, 0, 0, 0, 0, 0, 0, 0, 0, 0, 0, 0, 0, 0, 0, 0]
5  -  4  :  [1, 1, 1, 1, 1, 1, 1, 1, 'G', 1, 1, 1, 'G', 1, 1, 1, 1, 'G', 0, 0, 0, 0, 0, 0, 0, 0, 0, 0, 0, 0, 0, 0, 0, 0, 0, 0, 0, 0, 0, 0, 0, 0, 0, 0, 0, 0, 0, 0, 0, 0]
4  -  6  :  [1, 1, 1, 1, 1, 1, 1, 'G', 1, 1, 1, 1, 1, 1, 1, 1, 'G', 1, 1, 1, 1, 1, 1, 'G', 0, 0, 0, 0, 0, 0, 0, 0, 0, 0, 0, 0, 0, 0, 0, 0, 0, 0, 0, 0, 0, 0, 0, 0, 0, 0]
5  -  6  :  [1, 1, 1, 1, 'G', 1, 1, 1, 1, 1, 1, 'G', 0, 0, 0, 0, 0, 0, 0, 0, 0, 0, 0, 0, 0, 0, 0, 0, 0, 0, 0, 0, 0, 0, 0, 0, 0, 0, 0, 0, 0, 0, 0, 0, 0, 0, 0, 0, 0, 0]

Source: 6
Destination: 1
Path: 6 -> 4 -> 2 -> 1
SP Length (km): 2800
Bandwidth (Gbps): 299
Intermediate nodes: ['4', '2']
Path contains regenerator node. Checking for best regen choice...
Best regen choice:  {'node': '4', 'path1': ['6', '4'], 'mod1': {'name': '16-QAM', 'capacity': 12.5, 'efficiency': 4, 'reach': 1000}, 'slots1': 6, 'path2': ['4', '2', '1'], 'mod2': {'name': '8-QAM', 'capacity': 12.5, 'efficiency': 3, 'reach': 2000}, 'slots2': 8}

Checking for path:  ['6', '4']
  SUCCESS: Allocated slots 24 to 30 (including guard bit) for path ['6', '4']

Checking for path:  ['4', '2', '1']
  Allocation FAILED: No contiguous slots available.
Allocated slots for path1
Regen FAILED: Allocation for Segment 2 failed. Note: Segment 1 resources are now occupied. Attempting to deallocate: 

Current Slot Usage:
1  -  2  :  [1, 1, 1, 1, 1, 1, 1, 1, 'G', 1, 1, 1, 1, 1, 1, 1, 'G', 1, 1, 1, 1, 1, 1, 1, 'G', 1, 1, 1, 1, 1, 1, 'G', 1, 1, 1, 1, 1, 1, 'G', 1, 1, 1, 1, 1, 'G', 0, 0, 0, 0, 0]
1  -  3  :  [1, 1, 1, 1, 1, 'G', 1, 1, 1, 1, 1, 1, 1, 1, 1, 'G', 1, 1, 1, 1, 1, 1, 1, 'G', 0, 0, 0, 0, 0, 0, 0, 0, 0, 0, 0, 0, 0, 0, 0, 0, 0, 0, 0, 0, 0, 0, 0, 0, 0, 0]
3  -  2  :  [1, 1, 1, 1, 1, 1, 'G', 1, 1, 1, 'G', 1, 1, 1, 'G', 0, 0, 0, 0, 0, 0, 0, 0, 0, 0, 0, 0, 0, 0, 0, 0, 0, 0, 0, 0, 0, 0, 0, 0, 0, 0, 0, 0, 0, 0, 0, 0, 0, 0, 0]
2  -  4  :  [1, 1, 1, 1, 1, 1, 1, 'G', 1, 1, 1, 1, 1, 1, 1, 1, 'G', 1, 1, 1, 1, 1, 'G', 1, 1, 1, 1, 1, 1, 1, 'G', 1, 1, 1, 'G', 1, 1, 1, 1, 1, 'G', 1, 1, 1, 1, 1, 1, 'G', 0, 0]
5  -  2  :  [1, 1, 1, 1, 1, 1, 1, 'G', 1, 1, 1, 1, 1, 1, 1, 1, 'G', 1, 1, 1, 1, 1, 1, 1, 'G', 0, 0, 0, 0, 0, 0, 0, 0, 0, 0, 0, 0, 0, 0, 0, 0, 0, 0, 0, 0, 0, 0, 0, 0, 0]
5  -  3  :  [1, 1, 1, 1, 'G', 1, 1, 1, 'G', 1, 1, 1, 1, 1, 1, 1, 1, 'G', 1, 1, 1, 1, 1, 'G', 1, 1, 1, 1, 1, 1, 1, 'G', 0, 0, 0, 0, 0, 0, 0, 0, 0, 0, 0, 0, 0, 0, 0, 0, 0, 0]
5  -  4  :  [1, 1, 1, 1, 1, 1, 1, 1, 'G', 1, 1, 1, 'G', 1, 1, 1, 1, 'G', 0, 0, 0, 0, 0, 0, 0, 0, 0, 0, 0, 0, 0, 0, 0, 0, 0, 0, 0, 0, 0, 0, 0, 0, 0, 0, 0, 0, 0, 0, 0, 0]
4  -  6  :  [1, 1, 1, 1, 1, 1, 1, 'G', 1, 1, 1, 1, 1, 1, 1, 1, 'G', 1, 1, 1, 1, 1, 1, 'G', 0, 0, 0, 0, 0, 0, 0, 0, 0, 0, 0, 0, 0, 0, 0, 0, 0, 0, 0, 0, 0, 0, 0, 0, 0, 0]
5  -  6  :  [1, 1, 1, 1, 'G', 1, 1, 1, 1, 1, 1, 'G', 0, 0, 0, 0, 0, 0, 0, 0, 0, 0, 0, 0, 0, 0, 0, 0, 0, 0, 0, 0, 0, 0, 0, 0, 0, 0, 0, 0, 0, 0, 0, 0, 0, 0, 0, 0, 0, 0]

Source: 6
Destination: 2
Path: 6 -> 4 -> 2
SP Length (km): 1800
Bandwidth (Gbps): 130
Intermediate nodes: ['4']
Path contains regenerator node. Checking for best regen choice...
Best regen choice:  {'node': '4', 'path1': ['6', '4'], 'mod1': {'name': '16-QAM', 'capacity': 12.5, 'efficiency': 4, 'reach': 1000}, 'slots1': 3, 'path2': ['4', '2'], 'mod2': {'name': '16-QAM', 'capacity': 12.5, 'efficiency': 4, 'reach': 1000}, 'slots2': 3}

Checking for path:  ['6', '4']
  SUCCESS: Allocated slots 24 to 27 (including guard bit) for path ['6', '4']

Checking for path:  ['4', '2']
  Allocation FAILED: No contiguous slots available.
Allocated slots for path1
Regen FAILED: Allocation for Segment 2 failed. Note: Segment 1 resources are now occupied. Attempting to deallocate: 

Current Slot Usage:
1  -  2  :  [1, 1, 1, 1, 1, 1, 1, 1, 'G', 1, 1, 1, 1, 1, 1, 1, 'G', 1, 1, 1, 1, 1, 1, 1, 'G', 1, 1, 1, 1, 1, 1, 'G', 1, 1, 1, 1, 1, 1, 'G', 1, 1, 1, 1, 1, 'G', 0, 0, 0, 0, 0]
1  -  3  :  [1, 1, 1, 1, 1, 'G', 1, 1, 1, 1, 1, 1, 1, 1, 1, 'G', 1, 1, 1, 1, 1, 1, 1, 'G', 0, 0, 0, 0, 0, 0, 0, 0, 0, 0, 0, 0, 0, 0, 0, 0, 0, 0, 0, 0, 0, 0, 0, 0, 0, 0]
3  -  2  :  [1, 1, 1, 1, 1, 1, 'G', 1, 1, 1, 'G', 1, 1, 1, 'G', 0, 0, 0, 0, 0, 0, 0, 0, 0, 0, 0, 0, 0, 0, 0, 0, 0, 0, 0, 0, 0, 0, 0, 0, 0, 0, 0, 0, 0, 0, 0, 0, 0, 0, 0]
2  -  4  :  [1, 1, 1, 1, 1, 1, 1, 'G', 1, 1, 1, 1, 1, 1, 1, 1, 'G', 1, 1, 1, 1, 1, 'G', 1, 1, 1, 1, 1, 1, 1, 'G', 1, 1, 1, 'G', 1, 1, 1, 1, 1, 'G', 1, 1, 1, 1, 1, 1, 'G', 0, 0]
5  -  2  :  [1, 1, 1, 1, 1, 1, 1, 'G', 1, 1, 1, 1, 1, 1, 1, 1, 'G', 1, 1, 1, 1, 1, 1, 1, 'G', 0, 0, 0, 0, 0, 0, 0, 0, 0, 0, 0, 0, 0, 0, 0, 0, 0, 0, 0, 0, 0, 0, 0, 0, 0]
5  -  3  :  [1, 1, 1, 1, 'G', 1, 1, 1, 'G', 1, 1, 1, 1, 1, 1, 1, 1, 'G', 1, 1, 1, 1, 1, 'G', 1, 1, 1, 1, 1, 1, 1, 'G', 0, 0, 0, 0, 0, 0, 0, 0, 0, 0, 0, 0, 0, 0, 0, 0, 0, 0]
5  -  4  :  [1, 1, 1, 1, 1, 1, 1, 1, 'G', 1, 1, 1, 'G', 1, 1, 1, 1, 'G', 0, 0, 0, 0, 0, 0, 0, 0, 0, 0, 0, 0, 0, 0, 0, 0, 0, 0, 0, 0, 0, 0, 0, 0, 0, 0, 0, 0, 0, 0, 0, 0]
4  -  6  :  [1, 1, 1, 1, 1, 1, 1, 'G', 1, 1, 1, 1, 1, 1, 1, 1, 'G', 1, 1, 1, 1, 1, 1, 'G', 0, 0, 0, 0, 0, 0, 0, 0, 0, 0, 0, 0, 0, 0, 0, 0, 0, 0, 0, 0, 0, 0, 0, 0, 0, 0]
5  -  6  :  [1, 1, 1, 1, 'G', 1, 1, 1, 1, 1, 1, 'G', 0, 0, 0, 0, 0, 0, 0, 0, 0, 0, 0, 0, 0, 0, 0, 0, 0, 0, 0, 0, 0, 0, 0, 0, 0, 0, 0, 0, 0, 0, 0, 0, 0, 0, 0, 0, 0, 0]

Source: 6
Destination: 3
Path: 6 -> 5 -> 3
SP Length (km): 2000
Bandwidth (Gbps): 222
Intermediate nodes: ['5']
Path contains regenerator node. Checking for best regen choice...
Best regen choice:  {'node': '5', 'path1': ['6', '5'], 'mod1': {'name': '8-QAM', 'capacity': 12.5, 'efficiency': 3, 'reach': 2000}, 'slots1': 6, 'path2': ['5', '3'], 'mod2': {'name': '16-QAM', 'capacity': 12.5, 'efficiency': 4, 'reach': 1000}, 'slots2': 5}

Checking for path:  ['6', '5']
  SUCCESS: Allocated slots 12 to 18 (including guard bit) for path ['6', '5']

Checking for path:  ['5', '3']
  SUCCESS: Allocated slots 32 to 37 (including guard bit) for path ['5', '3']
Allocated slots for path1
Allocated slots for path2
SUCCESS: Request from 6 to 3 allocated

Current Slot Usage:
1  -  2  :  [1, 1, 1, 1, 1, 1, 1, 1, 'G', 1, 1, 1, 1, 1, 1, 1, 'G', 1, 1, 1, 1, 1, 1, 1, 'G', 1, 1, 1, 1, 1, 1, 'G', 1, 1, 1, 1, 1, 1, 'G', 1, 1, 1, 1, 1, 'G', 0, 0, 0, 0, 0]
1  -  3  :  [1, 1, 1, 1, 1, 'G', 1, 1, 1, 1, 1, 1, 1, 1, 1, 'G', 1, 1, 1, 1, 1, 1, 1, 'G', 0, 0, 0, 0, 0, 0, 0, 0, 0, 0, 0, 0, 0, 0, 0, 0, 0, 0, 0, 0, 0, 0, 0, 0, 0, 0]
3  -  2  :  [1, 1, 1, 1, 1, 1, 'G', 1, 1, 1, 'G', 1, 1, 1, 'G', 0, 0, 0, 0, 0, 0, 0, 0, 0, 0, 0, 0, 0, 0, 0, 0, 0, 0, 0, 0, 0, 0, 0, 0, 0, 0, 0, 0, 0, 0, 0, 0, 0, 0, 0]
2  -  4  :  [1, 1, 1, 1, 1, 1, 1, 'G', 1, 1, 1, 1, 1, 1, 1, 1, 'G', 1, 1, 1, 1, 1, 'G', 1, 1, 1, 1, 1, 1, 1, 'G', 1, 1, 1, 'G', 1, 1, 1, 1, 1, 'G', 1, 1, 1, 1, 1, 1, 'G', 0, 0]
5  -  2  :  [1, 1, 1, 1, 1, 1, 1, 'G', 1, 1, 1, 1, 1, 1, 1, 1, 'G', 1, 1, 1, 1, 1, 1, 1, 'G', 0, 0, 0, 0, 0, 0, 0, 0, 0, 0, 0, 0, 0, 0, 0, 0, 0, 0, 0, 0, 0, 0, 0, 0, 0]
5  -  3  :  [1, 1, 1, 1, 'G', 1, 1, 1, 'G', 1, 1, 1, 1, 1, 1, 1, 1, 'G', 1, 1, 1, 1, 1, 'G', 1, 1, 1, 1, 1, 1, 1, 'G', 1, 1, 1, 1, 1, 'G', 0, 0, 0, 0, 0, 0, 0, 0, 0, 0, 0, 0]
5  -  4  :  [1, 1, 1, 1, 1, 1, 1, 1, 'G', 1, 1, 1, 'G', 1, 1, 1, 1, 'G', 0, 0, 0, 0, 0, 0, 0, 0, 0, 0, 0, 0, 0, 0, 0, 0, 0, 0, 0, 0, 0, 0, 0, 0, 0, 0, 0, 0, 0, 0, 0, 0]
4  -  6  :  [1, 1, 1, 1, 1, 1, 1, 'G', 1, 1, 1, 1, 1, 1, 1, 1, 'G', 1, 1, 1, 1, 1, 1, 'G', 0, 0, 0, 0, 0, 0, 0, 0, 0, 0, 0, 0, 0, 0, 0, 0, 0, 0, 0, 0, 0, 0, 0, 0, 0, 0]
5  -  6  :  [1, 1, 1, 1, 'G', 1, 1, 1, 1, 1, 1, 'G', 1, 1, 1, 1, 1, 1, 'G', 0, 0, 0, 0, 0, 0, 0, 0, 0, 0, 0, 0, 0, 0, 0, 0, 0, 0, 0, 0, 0, 0, 0, 0, 0, 0, 0, 0, 0, 0, 0]

Source: 6
Destination: 4
Path: 6 -> 4
SP Length (km): 1000
Bandwidth (Gbps): 197
Intermediate nodes: []
Direct attempt: Modulation '16-QAM', Slots needed: 4

Checking for path:  ['6', '4']
  SUCCESS: Allocated slots 24 to 28 (including guard bit) for path ['6', '4']
SUCCESS: Allocated slots for the direct path.

Current Slot Usage:
1  -  2  :  [1, 1, 1, 1, 1, 1, 1, 1, 'G', 1, 1, 1, 1, 1, 1, 1, 'G', 1, 1, 1, 1, 1, 1, 1, 'G', 1, 1, 1, 1, 1, 1, 'G', 1, 1, 1, 1, 1, 1, 'G', 1, 1, 1, 1, 1, 'G', 0, 0, 0, 0, 0]
1  -  3  :  [1, 1, 1, 1, 1, 'G', 1, 1, 1, 1, 1, 1, 1, 1, 1, 'G', 1, 1, 1, 1, 1, 1, 1, 'G', 0, 0, 0, 0, 0, 0, 0, 0, 0, 0, 0, 0, 0, 0, 0, 0, 0, 0, 0, 0, 0, 0, 0, 0, 0, 0]
3  -  2  :  [1, 1, 1, 1, 1, 1, 'G', 1, 1, 1, 'G', 1, 1, 1, 'G', 0, 0, 0, 0, 0, 0, 0, 0, 0, 0, 0, 0, 0, 0, 0, 0, 0, 0, 0, 0, 0, 0, 0, 0, 0, 0, 0, 0, 0, 0, 0, 0, 0, 0, 0]
2  -  4  :  [1, 1, 1, 1, 1, 1, 1, 'G', 1, 1, 1, 1, 1, 1, 1, 1, 'G', 1, 1, 1, 1, 1, 'G', 1, 1, 1, 1, 1, 1, 1, 'G', 1, 1, 1, 'G', 1, 1, 1, 1, 1, 'G', 1, 1, 1, 1, 1, 1, 'G', 0, 0]
5  -  2  :  [1, 1, 1, 1, 1, 1, 1, 'G', 1, 1, 1, 1, 1, 1, 1, 1, 'G', 1, 1, 1, 1, 1, 1, 1, 'G', 0, 0, 0, 0, 0, 0, 0, 0, 0, 0, 0, 0, 0, 0, 0, 0, 0, 0, 0, 0, 0, 0, 0, 0, 0]
5  -  3  :  [1, 1, 1, 1, 'G', 1, 1, 1, 'G', 1, 1, 1, 1, 1, 1, 1, 1, 'G', 1, 1, 1, 1, 1, 'G', 1, 1, 1, 1, 1, 1, 1, 'G', 1, 1, 1, 1, 1, 'G', 0, 0, 0, 0, 0, 0, 0, 0, 0, 0, 0, 0]
5  -  4  :  [1, 1, 1, 1, 1, 1, 1, 1, 'G', 1, 1, 1, 'G', 1, 1, 1, 1, 'G', 0, 0, 0, 0, 0, 0, 0, 0, 0, 0, 0, 0, 0, 0, 0, 0, 0, 0, 0, 0, 0, 0, 0, 0, 0, 0, 0, 0, 0, 0, 0, 0]
4  -  6  :  [1, 1, 1, 1, 1, 1, 1, 'G', 1, 1, 1, 1, 1, 1, 1, 1, 'G', 1, 1, 1, 1, 1, 1, 'G', 1, 1, 1, 1, 'G', 0, 0, 0, 0, 0, 0, 0, 0, 0, 0, 0, 0, 0, 0, 0, 0, 0, 0, 0, 0, 0]
5  -  6  :  [1, 1, 1, 1, 'G', 1, 1, 1, 1, 1, 1, 'G', 1, 1, 1, 1, 1, 1, 'G', 0, 0, 0, 0, 0, 0, 0, 0, 0, 0, 0, 0, 0, 0, 0, 0, 0, 0, 0, 0, 0, 0, 0, 0, 0, 0, 0, 0, 0, 0, 0]

Source: 6
Destination: 5
Path: 6 -> 5
SP Length (km): 1200
Bandwidth (Gbps): 124
Intermediate nodes: []
Direct attempt: Modulation '8-QAM', Slots needed: 4

Checking for path:  ['6', '5']
  SUCCESS: Allocated slots 19 to 23 (including guard bit) for path ['6', '5']
SUCCESS: Allocated slots for the direct path.

Current Slot Usage:
1  -  2  :  [1, 1, 1, 1, 1, 1, 1, 1, 'G', 1, 1, 1, 1, 1, 1, 1, 'G', 1, 1, 1, 1, 1, 1, 1, 'G', 1, 1, 1, 1, 1, 1, 'G', 1, 1, 1, 1, 1, 1, 'G', 1, 1, 1, 1, 1, 'G', 0, 0, 0, 0, 0]
1  -  3  :  [1, 1, 1, 1, 1, 'G', 1, 1, 1, 1, 1, 1, 1, 1, 1, 'G', 1, 1, 1, 1, 1, 1, 1, 'G', 0, 0, 0, 0, 0, 0, 0, 0, 0, 0, 0, 0, 0, 0, 0, 0, 0, 0, 0, 0, 0, 0, 0, 0, 0, 0]
3  -  2  :  [1, 1, 1, 1, 1, 1, 'G', 1, 1, 1, 'G', 1, 1, 1, 'G', 0, 0, 0, 0, 0, 0, 0, 0, 0, 0, 0, 0, 0, 0, 0, 0, 0, 0, 0, 0, 0, 0, 0, 0, 0, 0, 0, 0, 0, 0, 0, 0, 0, 0, 0]
2  -  4  :  [1, 1, 1, 1, 1, 1, 1, 'G', 1, 1, 1, 1, 1, 1, 1, 1, 'G', 1, 1, 1, 1, 1, 'G', 1, 1, 1, 1, 1, 1, 1, 'G', 1, 1, 1, 'G', 1, 1, 1, 1, 1, 'G', 1, 1, 1, 1, 1, 1, 'G', 0, 0]
5  -  2  :  [1, 1, 1, 1, 1, 1, 1, 'G', 1, 1, 1, 1, 1, 1, 1, 1, 'G', 1, 1, 1, 1, 1, 1, 1, 'G', 0, 0, 0, 0, 0, 0, 0, 0, 0, 0, 0, 0, 0, 0, 0, 0, 0, 0, 0, 0, 0, 0, 0, 0, 0]
5  -  3  :  [1, 1, 1, 1, 'G', 1, 1, 1, 'G', 1, 1, 1, 1, 1, 1, 1, 1, 'G', 1, 1, 1, 1, 1, 'G', 1, 1, 1, 1, 1, 1, 1, 'G', 1, 1, 1, 1, 1, 'G', 0, 0, 0, 0, 0, 0, 0, 0, 0, 0, 0, 0]
5  -  4  :  [1, 1, 1, 1, 1, 1, 1, 1, 'G', 1, 1, 1, 'G', 1, 1, 1, 1, 'G', 0, 0, 0, 0, 0, 0, 0, 0, 0, 0, 0, 0, 0, 0, 0, 0, 0, 0, 0, 0, 0, 0, 0, 0, 0, 0, 0, 0, 0, 0, 0, 0]
4  -  6  :  [1, 1, 1, 1, 1, 1, 1, 'G', 1, 1, 1, 1, 1, 1, 1, 1, 'G', 1, 1, 1, 1, 1, 1, 'G', 1, 1, 1, 1, 'G', 0, 0, 0, 0, 0, 0, 0, 0, 0, 0, 0, 0, 0, 0, 0, 0, 0, 0, 0, 0, 0]
5  -  6  :  [1, 1, 1, 1, 'G', 1, 1, 1, 1, 1, 1, 'G', 1, 1, 1, 1, 1, 1, 'G', 1, 1, 1, 1, 'G', 0, 0, 0, 0, 0, 0, 0, 0, 0, 0, 0, 0, 0, 0, 0, 0, 0, 0, 0, 0, 0, 0, 0, 0, 0, 0]

Request Log:
Request 1 : Source= 1 , Destination= 2 , Path= 1 -> 2 , SP Length= 1000  km, Bandwidth= 355  Gbps, Modulation= ['16-QAM'] , Slots Needed= 8 , Success= True
Request 2 : Source= 1 , Destination= 3 , Path= 1 -> 3 , SP Length= 1200  km, Bandwidth= 167  Gbps, Modulation= ['8-QAM'] , Slots Needed= 5 , Success= True
Request 3 : Source= 1 , Destination= 4 , Path= 1 -> 2 -> 4 , SP Length= 1800  km, Bandwidth= 335  Gbps, Modulation= ['16-QAM', '16-QAM'] , Slots Needed= 14 , Success= True
Request 4 : Source= 1 , Destination= 5 , Path= 1 -> 2 -> 5 , SP Length= 2000  km, Bandwidth= 309  Gbps, Modulation= ['16-QAM', '16-QAM'] , Slots Needed= 14 , Success= True
Request 5 : Source= 1 , Destination= 6 , Path= 1 -> 2 -> 4 -> 6 , SP Length= 2800  km, Bandwidth= 273  Gbps, Modulation= ['16-QAM', '8-QAM'] , Slots Needed= 14 , Success= True
Request 6 : Source= 2 , Destination= 1 , Path= 2 -> 1 , SP Length= 1000  km, Bandwidth= 274  Gbps, Modulation= ['16-QAM'] , Slots Needed= 6 , Success= True
Request 7 : Source= 2 , Destination= 3 , Path= 2 -> 3 , SP Length= 600  km, Bandwidth= 297  Gbps, Modulation= ['16-QAM'] , Slots Needed= 6 , Success= True
Request 8 : Source= 2 , Destination= 4 , Path= 2 -> 4 , SP Length= 800  km, Bandwidth= 238  Gbps, Modulation= ['16-QAM'] , Slots Needed= 5 , Success= True
Request 9 : Source= 2 , Destination= 5 , Path= 2 -> 5 , SP Length= 1000  km, Bandwidth= 379  Gbps, Modulation= ['16-QAM'] , Slots Needed= 8 , Success= True
Request 10 : Source= 2 , Destination= 6 , Path= 2 -> 4 -> 6 , SP Length= 1800  km, Bandwidth= 310  Gbps, Modulation= ['16-QAM', '16-QAM'] , Slots Needed= 14 , Success= True
Request 11 : Source= 3 , Destination= 1 , Path= 3 -> 1 , SP Length= 1200  km, Bandwidth= 337  Gbps, Modulation= ['8-QAM'] , Slots Needed= 9 , Success= True
Request 12 : Source= 3 , Destination= 2 , Path= 3 -> 2 , SP Length= 600  km, Bandwidth= 103  Gbps, Modulation= ['16-QAM'] , Slots Needed= 3 , Success= True
Request 13 : Source= 3 , Destination= 4 , Path= 3 -> 2 -> 4 , SP Length= 1400  km, Bandwidth= 127  Gbps, Modulation= ['16-QAM', '16-QAM'] , Slots Needed= 6 , Success= True
Request 14 : Source= 3 , Destination= 5 , Path= 3 -> 5 , SP Length= 800  km, Bandwidth= 155  Gbps, Modulation= ['16-QAM'] , Slots Needed= 4 , Success= True
Request 15 : Source= 3 , Destination= 6 , Path= 3 -> 5 -> 6 , SP Length= 2000  km, Bandwidth= 136  Gbps, Modulation= ['16-QAM', '8-QAM'] , Slots Needed= 7 , Success= True
Request 16 : Source= 4 , Destination= 1 , Path= 4 -> 2 -> 1 , SP Length= 1800  km, Bandwidth= 238  Gbps, Modulation= ['16-QAM', '16-QAM'] , Slots Needed= 10 , Success= True
Request 17 : Source= 4 , Destination= 2 , Path= 4 -> 2 , SP Length= 800  km, Bandwidth= 278  Gbps, Modulation= ['16-QAM'] , Slots Needed= 6 , Success= True
Request 18 : Source= 4 , Destination= 3 , Path= 4 -> 5 -> 3 , SP Length= 1400  km, Bandwidth= 374  Gbps, Modulation= ['16-QAM', '16-QAM'] , Slots Needed= 16 , Success= True
Request 19 : Source= 4 , Destination= 5 , Path= 4 -> 5 , SP Length= 600  km, Bandwidth= 111  Gbps, Modulation= ['16-QAM'] , Slots Needed= 3 , Success= True
Request 20 : Source= 4 , Destination= 6 , Path= 4 -> 6 , SP Length= 1000  km, Bandwidth= 277  Gbps, Modulation= ['16-QAM'] , Slots Needed= 6 , Success= True
Request 21 : Source= 5 , Destination= 1 , Path= 5 -> 3 -> 1 , SP Length= 2000  km, Bandwidth= 239  Gbps, Modulation= ['16-QAM', '8-QAM'] , Slots Needed= 12 , Success= True
Request 22 : Source= 5 , Destination= 2 , Path= 5 -> 2 , SP Length= 1000  km, Bandwidth= 302  Gbps, Modulation= ['16-QAM'] , Slots Needed= 7 , Success= True
Request 23 : Source= 5 , Destination= 3 , Path= 5 -> 3 , SP Length= 800  km, Bandwidth= 301  Gbps, Modulation= ['16-QAM'] , Slots Needed= 7 , Success= True
Request 24 : Source= 5 , Destination= 4 , Path= 5 -> 4 , SP Length= 600  km, Bandwidth= 190  Gbps, Modulation= ['16-QAM'] , Slots Needed= 4 , Success= True
Request 25 : Source= 5 , Destination= 6 , Path= 5 -> 6 , SP Length= 1200  km, Bandwidth= 191  Gbps, Modulation= ['8-QAM'] , Slots Needed= 6 , Success= True
Request 26 : Source= 6 , Destination= 1 , Path= 6 -> 4 -> 2 -> 1 , SP Length= 2800  km, Bandwidth= 299  Gbps, Modulation= ['16-QAM', '8-QAM'] , Slots Needed= 14 , Success= False
Request 27 : Source= 6 , Destination= 2 , Path= 6 -> 4 -> 2 , SP Length= 1800  km, Bandwidth= 130  Gbps, Modulation= ['16-QAM', '16-QAM'] , Slots Needed= 6 , Success= False
Request 28 : Source= 6 , Destination= 3 , Path= 6 -> 5 -> 3 , SP Length= 2000  km, Bandwidth= 222  Gbps, Modulation= ['8-QAM', '16-QAM'] , Slots Needed= 11 , Success= True
Request 29 : Source= 6 , Destination= 4 , Path= 6 -> 4 , SP Length= 1000  km, Bandwidth= 197  Gbps, Modulation= ['16-QAM'] , Slots Needed= 4 , Success= True
Request 30 : Source= 6 , Destination= 5 , Path= 6 -> 5 , SP Length= 1200  km, Bandwidth= 124  Gbps, Modulation= ['8-QAM'] , Slots Needed= 4 , Success= True
The fail probability is: 0.06666666666666667
The no. of failed requests are:  2

Total program execution time: 10.485949699999765 seconds
