Python 3.12.5 (tags/v3.12.5:ff3bc82, Aug  6 2024, 20:45:27) [MSC v.1940 64 bit (AMD64)] on win32
Type "help", "copyright", "credits" or "license()" for more information.

= RESTART: C:\Users\sayak\AppData\Local\Programs\Python\Python312\multicore_temp.py

Request 1
Source: 5 , Destination: 1
Path: 5 -> 3 -> 1 , Distance: 2000 km
Bandwidth: 118 Gbps, Modulation: QPSK , Slots Needed: 3
Status: Success
Core Used: 1

Current Slot Usage:
1 - 2 :
  Core 1 : [0, 0, 0, 0, 0, 0, 0, 0, 0, 0]
  Core 2 : [0, 0, 0, 0, 0, 0, 0, 0, 0, 0]
  Core 3 : [0, 0, 0, 0, 0, 0, 0, 0, 0, 0]
1 - 3 :
  Core 1 : [1, 1, 1, 'G', 0, 0, 0, 0, 0, 0]
  Core 2 : [0, 0, 0, 0, 0, 0, 0, 0, 0, 0]
  Core 3 : [0, 0, 0, 0, 0, 0, 0, 0, 0, 0]
3 - 2 :
  Core 1 : [0, 0, 0, 0, 0, 0, 0, 0, 0, 0]
  Core 2 : [0, 0, 0, 0, 0, 0, 0, 0, 0, 0]
  Core 3 : [0, 0, 0, 0, 0, 0, 0, 0, 0, 0]
4 - 2 :
  Core 1 : [0, 0, 0, 0, 0, 0, 0, 0, 0, 0]
  Core 2 : [0, 0, 0, 0, 0, 0, 0, 0, 0, 0]
  Core 3 : [0, 0, 0, 0, 0, 0, 0, 0, 0, 0]
5 - 2 :
  Core 1 : [0, 0, 0, 0, 0, 0, 0, 0, 0, 0]
  Core 2 : [0, 0, 0, 0, 0, 0, 0, 0, 0, 0]
  Core 3 : [0, 0, 0, 0, 0, 0, 0, 0, 0, 0]
5 - 3 :
  Core 1 : [1, 1, 1, 'G', 0, 0, 0, 0, 0, 0]
  Core 2 : [0, 0, 0, 0, 0, 0, 0, 0, 0, 0]
  Core 3 : [0, 0, 0, 0, 0, 0, 0, 0, 0, 0]
5 - 4 :
  Core 1 : [0, 0, 0, 0, 0, 0, 0, 0, 0, 0]
  Core 2 : [0, 0, 0, 0, 0, 0, 0, 0, 0, 0]
  Core 3 : [0, 0, 0, 0, 0, 0, 0, 0, 0, 0]
6 - 4 :
  Core 1 : [0, 0, 0, 0, 0, 0, 0, 0, 0, 0]
  Core 2 : [0, 0, 0, 0, 0, 0, 0, 0, 0, 0]
  Core 3 : [0, 0, 0, 0, 0, 0, 0, 0, 0, 0]
5 - 6 :
  Core 1 : [0, 0, 0, 0, 0, 0, 0, 0, 0, 0]
  Core 2 : [0, 0, 0, 0, 0, 0, 0, 0, 0, 0]
  Core 3 : [0, 0, 0, 0, 0, 0, 0, 0, 0, 0]

Request 2
Source: 1 , Destination: 5
Path: 1 -> 2 -> 5 , Distance: 2000 km
Bandwidth: 123 Gbps, Modulation: QPSK , Slots Needed: 3
Status: Success
Core Used: 1

Current Slot Usage:
1 - 2 :
  Core 1 : [1, 1, 1, 'G', 0, 0, 0, 0, 0, 0]
  Core 2 : [0, 0, 0, 0, 0, 0, 0, 0, 0, 0]
  Core 3 : [0, 0, 0, 0, 0, 0, 0, 0, 0, 0]
1 - 3 :
  Core 1 : [1, 1, 1, 'G', 0, 0, 0, 0, 0, 0]
  Core 2 : [0, 0, 0, 0, 0, 0, 0, 0, 0, 0]
  Core 3 : [0, 0, 0, 0, 0, 0, 0, 0, 0, 0]
3 - 2 :
  Core 1 : [0, 0, 0, 0, 0, 0, 0, 0, 0, 0]
  Core 2 : [0, 0, 0, 0, 0, 0, 0, 0, 0, 0]
  Core 3 : [0, 0, 0, 0, 0, 0, 0, 0, 0, 0]
4 - 2 :
  Core 1 : [0, 0, 0, 0, 0, 0, 0, 0, 0, 0]
  Core 2 : [0, 0, 0, 0, 0, 0, 0, 0, 0, 0]
  Core 3 : [0, 0, 0, 0, 0, 0, 0, 0, 0, 0]
5 - 2 :
  Core 1 : [1, 1, 1, 'G', 0, 0, 0, 0, 0, 0]
  Core 2 : [0, 0, 0, 0, 0, 0, 0, 0, 0, 0]
  Core 3 : [0, 0, 0, 0, 0, 0, 0, 0, 0, 0]
5 - 3 :
  Core 1 : [1, 1, 1, 'G', 0, 0, 0, 0, 0, 0]
  Core 2 : [0, 0, 0, 0, 0, 0, 0, 0, 0, 0]
  Core 3 : [0, 0, 0, 0, 0, 0, 0, 0, 0, 0]
5 - 4 :
  Core 1 : [0, 0, 0, 0, 0, 0, 0, 0, 0, 0]
  Core 2 : [0, 0, 0, 0, 0, 0, 0, 0, 0, 0]
  Core 3 : [0, 0, 0, 0, 0, 0, 0, 0, 0, 0]
6 - 4 :
  Core 1 : [0, 0, 0, 0, 0, 0, 0, 0, 0, 0]
  Core 2 : [0, 0, 0, 0, 0, 0, 0, 0, 0, 0]
  Core 3 : [0, 0, 0, 0, 0, 0, 0, 0, 0, 0]
5 - 6 :
  Core 1 : [0, 0, 0, 0, 0, 0, 0, 0, 0, 0]
  Core 2 : [0, 0, 0, 0, 0, 0, 0, 0, 0, 0]
  Core 3 : [0, 0, 0, 0, 0, 0, 0, 0, 0, 0]

Request 3
Source: 2 , Destination: 4
Path: 2 -> 4 , Distance: 800 km
Bandwidth: 135 Gbps, Modulation: 8-QAM , Slots Needed: 2
Status: Success
Core Used: 1

Current Slot Usage:
1 - 2 :
  Core 1 : [1, 1, 1, 'G', 0, 0, 0, 0, 0, 0]
  Core 2 : [0, 0, 0, 0, 0, 0, 0, 0, 0, 0]
  Core 3 : [0, 0, 0, 0, 0, 0, 0, 0, 0, 0]
1 - 3 :
  Core 1 : [1, 1, 1, 'G', 0, 0, 0, 0, 0, 0]
  Core 2 : [0, 0, 0, 0, 0, 0, 0, 0, 0, 0]
  Core 3 : [0, 0, 0, 0, 0, 0, 0, 0, 0, 0]
3 - 2 :
  Core 1 : [0, 0, 0, 0, 0, 0, 0, 0, 0, 0]
  Core 2 : [0, 0, 0, 0, 0, 0, 0, 0, 0, 0]
  Core 3 : [0, 0, 0, 0, 0, 0, 0, 0, 0, 0]
4 - 2 :
  Core 1 : [1, 1, 'G', 0, 0, 0, 0, 0, 0, 0]
  Core 2 : [0, 0, 0, 0, 0, 0, 0, 0, 0, 0]
  Core 3 : [0, 0, 0, 0, 0, 0, 0, 0, 0, 0]
5 - 2 :
  Core 1 : [1, 1, 1, 'G', 0, 0, 0, 0, 0, 0]
  Core 2 : [0, 0, 0, 0, 0, 0, 0, 0, 0, 0]
  Core 3 : [0, 0, 0, 0, 0, 0, 0, 0, 0, 0]
5 - 3 :
  Core 1 : [1, 1, 1, 'G', 0, 0, 0, 0, 0, 0]
  Core 2 : [0, 0, 0, 0, 0, 0, 0, 0, 0, 0]
  Core 3 : [0, 0, 0, 0, 0, 0, 0, 0, 0, 0]
5 - 4 :
  Core 1 : [0, 0, 0, 0, 0, 0, 0, 0, 0, 0]
  Core 2 : [0, 0, 0, 0, 0, 0, 0, 0, 0, 0]
  Core 3 : [0, 0, 0, 0, 0, 0, 0, 0, 0, 0]
6 - 4 :
  Core 1 : [0, 0, 0, 0, 0, 0, 0, 0, 0, 0]
  Core 2 : [0, 0, 0, 0, 0, 0, 0, 0, 0, 0]
  Core 3 : [0, 0, 0, 0, 0, 0, 0, 0, 0, 0]
5 - 6 :
  Core 1 : [0, 0, 0, 0, 0, 0, 0, 0, 0, 0]
  Core 2 : [0, 0, 0, 0, 0, 0, 0, 0, 0, 0]
  Core 3 : [0, 0, 0, 0, 0, 0, 0, 0, 0, 0]

Request 4
Source: 6 , Destination: 2
Path: 6 -> 4 -> 2 , Distance: 1800 km
Bandwidth: 146 Gbps, Modulation: QPSK , Slots Needed: 3
Status: Success
Core Used: 3

Current Slot Usage:
1 - 2 :
  Core 1 : [1, 1, 1, 'G', 0, 0, 0, 0, 0, 0]
  Core 2 : [0, 0, 0, 0, 0, 0, 0, 0, 0, 0]
  Core 3 : [0, 0, 0, 0, 0, 0, 0, 0, 0, 0]
1 - 3 :
  Core 1 : [1, 1, 1, 'G', 0, 0, 0, 0, 0, 0]
  Core 2 : [0, 0, 0, 0, 0, 0, 0, 0, 0, 0]
  Core 3 : [0, 0, 0, 0, 0, 0, 0, 0, 0, 0]
3 - 2 :
  Core 1 : [0, 0, 0, 0, 0, 0, 0, 0, 0, 0]
  Core 2 : [0, 0, 0, 0, 0, 0, 0, 0, 0, 0]
  Core 3 : [0, 0, 0, 0, 0, 0, 0, 0, 0, 0]
4 - 2 :
  Core 1 : [1, 1, 'G', 0, 0, 0, 0, 0, 0, 0]
  Core 2 : [0, 0, 0, 0, 0, 0, 0, 0, 0, 0]
  Core 3 : [1, 1, 1, 'G', 0, 0, 0, 0, 0, 0]
5 - 2 :
  Core 1 : [1, 1, 1, 'G', 0, 0, 0, 0, 0, 0]
  Core 2 : [0, 0, 0, 0, 0, 0, 0, 0, 0, 0]
  Core 3 : [0, 0, 0, 0, 0, 0, 0, 0, 0, 0]
5 - 3 :
  Core 1 : [1, 1, 1, 'G', 0, 0, 0, 0, 0, 0]
  Core 2 : [0, 0, 0, 0, 0, 0, 0, 0, 0, 0]
  Core 3 : [0, 0, 0, 0, 0, 0, 0, 0, 0, 0]
5 - 4 :
  Core 1 : [0, 0, 0, 0, 0, 0, 0, 0, 0, 0]
  Core 2 : [0, 0, 0, 0, 0, 0, 0, 0, 0, 0]
  Core 3 : [0, 0, 0, 0, 0, 0, 0, 0, 0, 0]
6 - 4 :
  Core 1 : [0, 0, 0, 0, 0, 0, 0, 0, 0, 0]
  Core 2 : [0, 0, 0, 0, 0, 0, 0, 0, 0, 0]
  Core 3 : [1, 1, 1, 'G', 0, 0, 0, 0, 0, 0]
5 - 6 :
  Core 1 : [0, 0, 0, 0, 0, 0, 0, 0, 0, 0]
  Core 2 : [0, 0, 0, 0, 0, 0, 0, 0, 0, 0]
  Core 3 : [0, 0, 0, 0, 0, 0, 0, 0, 0, 0]

Request 5
Source: 2 , Destination: 4
Path: 2 -> 4 , Distance: 800 km
Bandwidth: 102 Gbps, Modulation: 8-QAM , Slots Needed: 1
Status: Success
Core Used: 1

Current Slot Usage:
1 - 2 :
  Core 1 : [1, 1, 1, 'G', 0, 0, 0, 0, 0, 0]
  Core 2 : [0, 0, 0, 0, 0, 0, 0, 0, 0, 0]
  Core 3 : [0, 0, 0, 0, 0, 0, 0, 0, 0, 0]
1 - 3 :
  Core 1 : [1, 1, 1, 'G', 0, 0, 0, 0, 0, 0]
  Core 2 : [0, 0, 0, 0, 0, 0, 0, 0, 0, 0]
  Core 3 : [0, 0, 0, 0, 0, 0, 0, 0, 0, 0]
3 - 2 :
  Core 1 : [0, 0, 0, 0, 0, 0, 0, 0, 0, 0]
  Core 2 : [0, 0, 0, 0, 0, 0, 0, 0, 0, 0]
  Core 3 : [0, 0, 0, 0, 0, 0, 0, 0, 0, 0]
4 - 2 :
  Core 1 : [1, 1, 'G', 1, 'G', 0, 0, 0, 0, 0]
  Core 2 : [0, 0, 0, 0, 0, 0, 0, 0, 0, 0]
  Core 3 : [1, 1, 1, 'G', 0, 0, 0, 0, 0, 0]
5 - 2 :
  Core 1 : [1, 1, 1, 'G', 0, 0, 0, 0, 0, 0]
  Core 2 : [0, 0, 0, 0, 0, 0, 0, 0, 0, 0]
  Core 3 : [0, 0, 0, 0, 0, 0, 0, 0, 0, 0]
5 - 3 :
  Core 1 : [1, 1, 1, 'G', 0, 0, 0, 0, 0, 0]
  Core 2 : [0, 0, 0, 0, 0, 0, 0, 0, 0, 0]
  Core 3 : [0, 0, 0, 0, 0, 0, 0, 0, 0, 0]
5 - 4 :
  Core 1 : [0, 0, 0, 0, 0, 0, 0, 0, 0, 0]
  Core 2 : [0, 0, 0, 0, 0, 0, 0, 0, 0, 0]
  Core 3 : [0, 0, 0, 0, 0, 0, 0, 0, 0, 0]
6 - 4 :
  Core 1 : [0, 0, 0, 0, 0, 0, 0, 0, 0, 0]
  Core 2 : [0, 0, 0, 0, 0, 0, 0, 0, 0, 0]
  Core 3 : [1, 1, 1, 'G', 0, 0, 0, 0, 0, 0]
5 - 6 :
  Core 1 : [0, 0, 0, 0, 0, 0, 0, 0, 0, 0]
  Core 2 : [0, 0, 0, 0, 0, 0, 0, 0, 0, 0]
  Core 3 : [0, 0, 0, 0, 0, 0, 0, 0, 0, 0]

Request 6
Source: 1 , Destination: 5
Path: 1 -> 2 -> 5 , Distance: 2000 km
Bandwidth: 115 Gbps, Modulation: QPSK , Slots Needed: 3
Status: Success
Core Used: 3

Current Slot Usage:
1 - 2 :
  Core 1 : [1, 1, 1, 'G', 0, 0, 0, 0, 0, 0]
  Core 2 : [0, 0, 0, 0, 0, 0, 0, 0, 0, 0]
  Core 3 : [1, 1, 1, 'G', 0, 0, 0, 0, 0, 0]
1 - 3 :
  Core 1 : [1, 1, 1, 'G', 0, 0, 0, 0, 0, 0]
  Core 2 : [0, 0, 0, 0, 0, 0, 0, 0, 0, 0]
  Core 3 : [0, 0, 0, 0, 0, 0, 0, 0, 0, 0]
3 - 2 :
  Core 1 : [0, 0, 0, 0, 0, 0, 0, 0, 0, 0]
  Core 2 : [0, 0, 0, 0, 0, 0, 0, 0, 0, 0]
  Core 3 : [0, 0, 0, 0, 0, 0, 0, 0, 0, 0]
4 - 2 :
  Core 1 : [1, 1, 'G', 1, 'G', 0, 0, 0, 0, 0]
  Core 2 : [0, 0, 0, 0, 0, 0, 0, 0, 0, 0]
  Core 3 : [1, 1, 1, 'G', 0, 0, 0, 0, 0, 0]
5 - 2 :
  Core 1 : [1, 1, 1, 'G', 0, 0, 0, 0, 0, 0]
  Core 2 : [0, 0, 0, 0, 0, 0, 0, 0, 0, 0]
  Core 3 : [1, 1, 1, 'G', 0, 0, 0, 0, 0, 0]
5 - 3 :
  Core 1 : [1, 1, 1, 'G', 0, 0, 0, 0, 0, 0]
  Core 2 : [0, 0, 0, 0, 0, 0, 0, 0, 0, 0]
  Core 3 : [0, 0, 0, 0, 0, 0, 0, 0, 0, 0]
5 - 4 :
  Core 1 : [0, 0, 0, 0, 0, 0, 0, 0, 0, 0]
  Core 2 : [0, 0, 0, 0, 0, 0, 0, 0, 0, 0]
  Core 3 : [0, 0, 0, 0, 0, 0, 0, 0, 0, 0]
6 - 4 :
  Core 1 : [0, 0, 0, 0, 0, 0, 0, 0, 0, 0]
  Core 2 : [0, 0, 0, 0, 0, 0, 0, 0, 0, 0]
  Core 3 : [1, 1, 1, 'G', 0, 0, 0, 0, 0, 0]
5 - 6 :
  Core 1 : [0, 0, 0, 0, 0, 0, 0, 0, 0, 0]
  Core 2 : [0, 0, 0, 0, 0, 0, 0, 0, 0, 0]
  Core 3 : [0, 0, 0, 0, 0, 0, 0, 0, 0, 0]

Request 7
Source: 6 , Destination: 4
Path: 6 -> 4 , Distance: 1000 km
Bandwidth: 106 Gbps, Modulation: 8-QAM , Slots Needed: 1
Status: Success
Core Used: 1

Current Slot Usage:
1 - 2 :
  Core 1 : [1, 1, 1, 'G', 0, 0, 0, 0, 0, 0]
  Core 2 : [0, 0, 0, 0, 0, 0, 0, 0, 0, 0]
  Core 3 : [1, 1, 1, 'G', 0, 0, 0, 0, 0, 0]
1 - 3 :
  Core 1 : [1, 1, 1, 'G', 0, 0, 0, 0, 0, 0]
  Core 2 : [0, 0, 0, 0, 0, 0, 0, 0, 0, 0]
  Core 3 : [0, 0, 0, 0, 0, 0, 0, 0, 0, 0]
3 - 2 :
  Core 1 : [0, 0, 0, 0, 0, 0, 0, 0, 0, 0]
  Core 2 : [0, 0, 0, 0, 0, 0, 0, 0, 0, 0]
  Core 3 : [0, 0, 0, 0, 0, 0, 0, 0, 0, 0]
4 - 2 :
  Core 1 : [1, 1, 'G', 1, 'G', 0, 0, 0, 0, 0]
  Core 2 : [0, 0, 0, 0, 0, 0, 0, 0, 0, 0]
  Core 3 : [1, 1, 1, 'G', 0, 0, 0, 0, 0, 0]
5 - 2 :
  Core 1 : [1, 1, 1, 'G', 0, 0, 0, 0, 0, 0]
  Core 2 : [0, 0, 0, 0, 0, 0, 0, 0, 0, 0]
  Core 3 : [1, 1, 1, 'G', 0, 0, 0, 0, 0, 0]
5 - 3 :
  Core 1 : [1, 1, 1, 'G', 0, 0, 0, 0, 0, 0]
  Core 2 : [0, 0, 0, 0, 0, 0, 0, 0, 0, 0]
  Core 3 : [0, 0, 0, 0, 0, 0, 0, 0, 0, 0]
5 - 4 :
  Core 1 : [0, 0, 0, 0, 0, 0, 0, 0, 0, 0]
  Core 2 : [0, 0, 0, 0, 0, 0, 0, 0, 0, 0]
  Core 3 : [0, 0, 0, 0, 0, 0, 0, 0, 0, 0]
6 - 4 :
  Core 1 : [1, 'G', 0, 0, 0, 0, 0, 0, 0, 0]
  Core 2 : [0, 0, 0, 0, 0, 0, 0, 0, 0, 0]
  Core 3 : [1, 1, 1, 'G', 0, 0, 0, 0, 0, 0]
5 - 6 :
  Core 1 : [0, 0, 0, 0, 0, 0, 0, 0, 0, 0]
  Core 2 : [0, 0, 0, 0, 0, 0, 0, 0, 0, 0]
  Core 3 : [0, 0, 0, 0, 0, 0, 0, 0, 0, 0]

Request 8
Source: 2 , Destination: 5
Path: 2 -> 5 , Distance: 1000 km
Bandwidth: 107 Gbps, Modulation: 8-QAM , Slots Needed: 1
Status: Success
Core Used: 1

Current Slot Usage:
1 - 2 :
  Core 1 : [1, 1, 1, 'G', 0, 0, 0, 0, 0, 0]
  Core 2 : [0, 0, 0, 0, 0, 0, 0, 0, 0, 0]
  Core 3 : [1, 1, 1, 'G', 0, 0, 0, 0, 0, 0]
1 - 3 :
  Core 1 : [1, 1, 1, 'G', 0, 0, 0, 0, 0, 0]
  Core 2 : [0, 0, 0, 0, 0, 0, 0, 0, 0, 0]
  Core 3 : [0, 0, 0, 0, 0, 0, 0, 0, 0, 0]
3 - 2 :
  Core 1 : [0, 0, 0, 0, 0, 0, 0, 0, 0, 0]
  Core 2 : [0, 0, 0, 0, 0, 0, 0, 0, 0, 0]
  Core 3 : [0, 0, 0, 0, 0, 0, 0, 0, 0, 0]
4 - 2 :
  Core 1 : [1, 1, 'G', 1, 'G', 0, 0, 0, 0, 0]
  Core 2 : [0, 0, 0, 0, 0, 0, 0, 0, 0, 0]
  Core 3 : [1, 1, 1, 'G', 0, 0, 0, 0, 0, 0]
5 - 2 :
  Core 1 : [1, 1, 1, 'G', 1, 'G', 0, 0, 0, 0]
  Core 2 : [0, 0, 0, 0, 0, 0, 0, 0, 0, 0]
  Core 3 : [1, 1, 1, 'G', 0, 0, 0, 0, 0, 0]
5 - 3 :
  Core 1 : [1, 1, 1, 'G', 0, 0, 0, 0, 0, 0]
  Core 2 : [0, 0, 0, 0, 0, 0, 0, 0, 0, 0]
  Core 3 : [0, 0, 0, 0, 0, 0, 0, 0, 0, 0]
5 - 4 :
  Core 1 : [0, 0, 0, 0, 0, 0, 0, 0, 0, 0]
  Core 2 : [0, 0, 0, 0, 0, 0, 0, 0, 0, 0]
  Core 3 : [0, 0, 0, 0, 0, 0, 0, 0, 0, 0]
6 - 4 :
  Core 1 : [1, 'G', 0, 0, 0, 0, 0, 0, 0, 0]
  Core 2 : [0, 0, 0, 0, 0, 0, 0, 0, 0, 0]
  Core 3 : [1, 1, 1, 'G', 0, 0, 0, 0, 0, 0]
5 - 6 :
  Core 1 : [0, 0, 0, 0, 0, 0, 0, 0, 0, 0]
  Core 2 : [0, 0, 0, 0, 0, 0, 0, 0, 0, 0]
  Core 3 : [0, 0, 0, 0, 0, 0, 0, 0, 0, 0]

Request 9
Source: 3 , Destination: 1
Path: 3 -> 1 , Distance: 1200 km
Bandwidth: 131 Gbps, Modulation: QPSK , Slots Needed: 3
Status: Success
Core Used: 3

Current Slot Usage:
1 - 2 :
  Core 1 : [1, 1, 1, 'G', 0, 0, 0, 0, 0, 0]
  Core 2 : [0, 0, 0, 0, 0, 0, 0, 0, 0, 0]
  Core 3 : [1, 1, 1, 'G', 0, 0, 0, 0, 0, 0]
1 - 3 :
  Core 1 : [1, 1, 1, 'G', 0, 0, 0, 0, 0, 0]
  Core 2 : [0, 0, 0, 0, 0, 0, 0, 0, 0, 0]
  Core 3 : [1, 1, 1, 'G', 0, 0, 0, 0, 0, 0]
3 - 2 :
  Core 1 : [0, 0, 0, 0, 0, 0, 0, 0, 0, 0]
  Core 2 : [0, 0, 0, 0, 0, 0, 0, 0, 0, 0]
  Core 3 : [0, 0, 0, 0, 0, 0, 0, 0, 0, 0]
4 - 2 :
  Core 1 : [1, 1, 'G', 1, 'G', 0, 0, 0, 0, 0]
  Core 2 : [0, 0, 0, 0, 0, 0, 0, 0, 0, 0]
  Core 3 : [1, 1, 1, 'G', 0, 0, 0, 0, 0, 0]
5 - 2 :
  Core 1 : [1, 1, 1, 'G', 1, 'G', 0, 0, 0, 0]
  Core 2 : [0, 0, 0, 0, 0, 0, 0, 0, 0, 0]
  Core 3 : [1, 1, 1, 'G', 0, 0, 0, 0, 0, 0]
5 - 3 :
  Core 1 : [1, 1, 1, 'G', 0, 0, 0, 0, 0, 0]
  Core 2 : [0, 0, 0, 0, 0, 0, 0, 0, 0, 0]
  Core 3 : [0, 0, 0, 0, 0, 0, 0, 0, 0, 0]
5 - 4 :
  Core 1 : [0, 0, 0, 0, 0, 0, 0, 0, 0, 0]
  Core 2 : [0, 0, 0, 0, 0, 0, 0, 0, 0, 0]
  Core 3 : [0, 0, 0, 0, 0, 0, 0, 0, 0, 0]
6 - 4 :
  Core 1 : [1, 'G', 0, 0, 0, 0, 0, 0, 0, 0]
  Core 2 : [0, 0, 0, 0, 0, 0, 0, 0, 0, 0]
  Core 3 : [1, 1, 1, 'G', 0, 0, 0, 0, 0, 0]
5 - 6 :
  Core 1 : [0, 0, 0, 0, 0, 0, 0, 0, 0, 0]
  Core 2 : [0, 0, 0, 0, 0, 0, 0, 0, 0, 0]
  Core 3 : [0, 0, 0, 0, 0, 0, 0, 0, 0, 0]

Request 10
Source: 1 , Destination: 2
Path: 1 -> 2 , Distance: 1000 km
Bandwidth: 121 Gbps, Modulation: 8-QAM , Slots Needed: 2
Status: Success
Core Used: 1

Current Slot Usage:
1 - 2 :
  Core 1 : [1, 1, 1, 'G', 1, 1, 'G', 0, 0, 0]
  Core 2 : [0, 0, 0, 0, 0, 0, 0, 0, 0, 0]
  Core 3 : [1, 1, 1, 'G', 0, 0, 0, 0, 0, 0]
1 - 3 :
  Core 1 : [1, 1, 1, 'G', 0, 0, 0, 0, 0, 0]
  Core 2 : [0, 0, 0, 0, 0, 0, 0, 0, 0, 0]
  Core 3 : [1, 1, 1, 'G', 0, 0, 0, 0, 0, 0]
3 - 2 :
  Core 1 : [0, 0, 0, 0, 0, 0, 0, 0, 0, 0]
  Core 2 : [0, 0, 0, 0, 0, 0, 0, 0, 0, 0]
  Core 3 : [0, 0, 0, 0, 0, 0, 0, 0, 0, 0]
4 - 2 :
  Core 1 : [1, 1, 'G', 1, 'G', 0, 0, 0, 0, 0]
  Core 2 : [0, 0, 0, 0, 0, 0, 0, 0, 0, 0]
  Core 3 : [1, 1, 1, 'G', 0, 0, 0, 0, 0, 0]
5 - 2 :
  Core 1 : [1, 1, 1, 'G', 1, 'G', 0, 0, 0, 0]
  Core 2 : [0, 0, 0, 0, 0, 0, 0, 0, 0, 0]
  Core 3 : [1, 1, 1, 'G', 0, 0, 0, 0, 0, 0]
5 - 3 :
  Core 1 : [1, 1, 1, 'G', 0, 0, 0, 0, 0, 0]
  Core 2 : [0, 0, 0, 0, 0, 0, 0, 0, 0, 0]
  Core 3 : [0, 0, 0, 0, 0, 0, 0, 0, 0, 0]
5 - 4 :
  Core 1 : [0, 0, 0, 0, 0, 0, 0, 0, 0, 0]
  Core 2 : [0, 0, 0, 0, 0, 0, 0, 0, 0, 0]
  Core 3 : [0, 0, 0, 0, 0, 0, 0, 0, 0, 0]
6 - 4 :
  Core 1 : [1, 'G', 0, 0, 0, 0, 0, 0, 0, 0]
  Core 2 : [0, 0, 0, 0, 0, 0, 0, 0, 0, 0]
  Core 3 : [1, 1, 1, 'G', 0, 0, 0, 0, 0, 0]
5 - 6 :
  Core 1 : [0, 0, 0, 0, 0, 0, 0, 0, 0, 0]
  Core 2 : [0, 0, 0, 0, 0, 0, 0, 0, 0, 0]
  Core 3 : [0, 0, 0, 0, 0, 0, 0, 0, 0, 0]

Request 11
Source: 3 , Destination: 1
Path: 3 -> 1 , Distance: 1200 km
Bandwidth: 124 Gbps, Modulation: QPSK , Slots Needed: 3
Status: Success
Core Used: 1

Current Slot Usage:
1 - 2 :
  Core 1 : [1, 1, 1, 'G', 1, 1, 'G', 0, 0, 0]
  Core 2 : [0, 0, 0, 0, 0, 0, 0, 0, 0, 0]
  Core 3 : [1, 1, 1, 'G', 0, 0, 0, 0, 0, 0]
1 - 3 :
  Core 1 : [1, 1, 1, 'G', 1, 1, 1, 'G', 0, 0]
  Core 2 : [0, 0, 0, 0, 0, 0, 0, 0, 0, 0]
  Core 3 : [1, 1, 1, 'G', 0, 0, 0, 0, 0, 0]
3 - 2 :
  Core 1 : [0, 0, 0, 0, 0, 0, 0, 0, 0, 0]
  Core 2 : [0, 0, 0, 0, 0, 0, 0, 0, 0, 0]
  Core 3 : [0, 0, 0, 0, 0, 0, 0, 0, 0, 0]
4 - 2 :
  Core 1 : [1, 1, 'G', 1, 'G', 0, 0, 0, 0, 0]
  Core 2 : [0, 0, 0, 0, 0, 0, 0, 0, 0, 0]
  Core 3 : [1, 1, 1, 'G', 0, 0, 0, 0, 0, 0]
5 - 2 :
  Core 1 : [1, 1, 1, 'G', 1, 'G', 0, 0, 0, 0]
  Core 2 : [0, 0, 0, 0, 0, 0, 0, 0, 0, 0]
  Core 3 : [1, 1, 1, 'G', 0, 0, 0, 0, 0, 0]
5 - 3 :
  Core 1 : [1, 1, 1, 'G', 0, 0, 0, 0, 0, 0]
  Core 2 : [0, 0, 0, 0, 0, 0, 0, 0, 0, 0]
  Core 3 : [0, 0, 0, 0, 0, 0, 0, 0, 0, 0]
5 - 4 :
  Core 1 : [0, 0, 0, 0, 0, 0, 0, 0, 0, 0]
  Core 2 : [0, 0, 0, 0, 0, 0, 0, 0, 0, 0]
  Core 3 : [0, 0, 0, 0, 0, 0, 0, 0, 0, 0]
6 - 4 :
  Core 1 : [1, 'G', 0, 0, 0, 0, 0, 0, 0, 0]
  Core 2 : [0, 0, 0, 0, 0, 0, 0, 0, 0, 0]
  Core 3 : [1, 1, 1, 'G', 0, 0, 0, 0, 0, 0]
5 - 6 :
  Core 1 : [0, 0, 0, 0, 0, 0, 0, 0, 0, 0]
  Core 2 : [0, 0, 0, 0, 0, 0, 0, 0, 0, 0]
  Core 3 : [0, 0, 0, 0, 0, 0, 0, 0, 0, 0]

Request 12
Source: 2 , Destination: 1
Path: 2 -> 1 , Distance: 1000 km
Bandwidth: 133 Gbps, Modulation: 8-QAM , Slots Needed: 2
Status: Success
Core Used: 3

Current Slot Usage:
1 - 2 :
  Core 1 : [1, 1, 1, 'G', 1, 1, 'G', 0, 0, 0]
  Core 2 : [0, 0, 0, 0, 0, 0, 0, 0, 0, 0]
  Core 3 : [1, 1, 1, 'G', 1, 1, 'G', 0, 0, 0]
1 - 3 :
  Core 1 : [1, 1, 1, 'G', 1, 1, 1, 'G', 0, 0]
  Core 2 : [0, 0, 0, 0, 0, 0, 0, 0, 0, 0]
  Core 3 : [1, 1, 1, 'G', 0, 0, 0, 0, 0, 0]
3 - 2 :
  Core 1 : [0, 0, 0, 0, 0, 0, 0, 0, 0, 0]
  Core 2 : [0, 0, 0, 0, 0, 0, 0, 0, 0, 0]
  Core 3 : [0, 0, 0, 0, 0, 0, 0, 0, 0, 0]
4 - 2 :
  Core 1 : [1, 1, 'G', 1, 'G', 0, 0, 0, 0, 0]
  Core 2 : [0, 0, 0, 0, 0, 0, 0, 0, 0, 0]
  Core 3 : [1, 1, 1, 'G', 0, 0, 0, 0, 0, 0]
5 - 2 :
  Core 1 : [1, 1, 1, 'G', 1, 'G', 0, 0, 0, 0]
  Core 2 : [0, 0, 0, 0, 0, 0, 0, 0, 0, 0]
  Core 3 : [1, 1, 1, 'G', 0, 0, 0, 0, 0, 0]
5 - 3 :
  Core 1 : [1, 1, 1, 'G', 0, 0, 0, 0, 0, 0]
  Core 2 : [0, 0, 0, 0, 0, 0, 0, 0, 0, 0]
  Core 3 : [0, 0, 0, 0, 0, 0, 0, 0, 0, 0]
5 - 4 :
  Core 1 : [0, 0, 0, 0, 0, 0, 0, 0, 0, 0]
  Core 2 : [0, 0, 0, 0, 0, 0, 0, 0, 0, 0]
  Core 3 : [0, 0, 0, 0, 0, 0, 0, 0, 0, 0]
6 - 4 :
  Core 1 : [1, 'G', 0, 0, 0, 0, 0, 0, 0, 0]
  Core 2 : [0, 0, 0, 0, 0, 0, 0, 0, 0, 0]
  Core 3 : [1, 1, 1, 'G', 0, 0, 0, 0, 0, 0]
5 - 6 :
  Core 1 : [0, 0, 0, 0, 0, 0, 0, 0, 0, 0]
  Core 2 : [0, 0, 0, 0, 0, 0, 0, 0, 0, 0]
  Core 3 : [0, 0, 0, 0, 0, 0, 0, 0, 0, 0]

Request 13
Source: 5 , Destination: 3
Path: 5 -> 3 , Distance: 800 km
Bandwidth: 147 Gbps, Modulation: 8-QAM , Slots Needed: 2
Status: Success
Core Used: 3

Current Slot Usage:
1 - 2 :
  Core 1 : [1, 1, 1, 'G', 1, 1, 'G', 0, 0, 0]
  Core 2 : [0, 0, 0, 0, 0, 0, 0, 0, 0, 0]
  Core 3 : [1, 1, 1, 'G', 1, 1, 'G', 0, 0, 0]
1 - 3 :
  Core 1 : [1, 1, 1, 'G', 1, 1, 1, 'G', 0, 0]
  Core 2 : [0, 0, 0, 0, 0, 0, 0, 0, 0, 0]
  Core 3 : [1, 1, 1, 'G', 0, 0, 0, 0, 0, 0]
3 - 2 :
  Core 1 : [0, 0, 0, 0, 0, 0, 0, 0, 0, 0]
  Core 2 : [0, 0, 0, 0, 0, 0, 0, 0, 0, 0]
  Core 3 : [0, 0, 0, 0, 0, 0, 0, 0, 0, 0]
4 - 2 :
  Core 1 : [1, 1, 'G', 1, 'G', 0, 0, 0, 0, 0]
  Core 2 : [0, 0, 0, 0, 0, 0, 0, 0, 0, 0]
  Core 3 : [1, 1, 1, 'G', 0, 0, 0, 0, 0, 0]
5 - 2 :
  Core 1 : [1, 1, 1, 'G', 1, 'G', 0, 0, 0, 0]
  Core 2 : [0, 0, 0, 0, 0, 0, 0, 0, 0, 0]
  Core 3 : [1, 1, 1, 'G', 0, 0, 0, 0, 0, 0]
5 - 3 :
  Core 1 : [1, 1, 1, 'G', 0, 0, 0, 0, 0, 0]
  Core 2 : [0, 0, 0, 0, 0, 0, 0, 0, 0, 0]
  Core 3 : [1, 1, 'G', 0, 0, 0, 0, 0, 0, 0]
5 - 4 :
  Core 1 : [0, 0, 0, 0, 0, 0, 0, 0, 0, 0]
  Core 2 : [0, 0, 0, 0, 0, 0, 0, 0, 0, 0]
  Core 3 : [0, 0, 0, 0, 0, 0, 0, 0, 0, 0]
6 - 4 :
  Core 1 : [1, 'G', 0, 0, 0, 0, 0, 0, 0, 0]
  Core 2 : [0, 0, 0, 0, 0, 0, 0, 0, 0, 0]
  Core 3 : [1, 1, 1, 'G', 0, 0, 0, 0, 0, 0]
5 - 6 :
  Core 1 : [0, 0, 0, 0, 0, 0, 0, 0, 0, 0]
  Core 2 : [0, 0, 0, 0, 0, 0, 0, 0, 0, 0]
  Core 3 : [0, 0, 0, 0, 0, 0, 0, 0, 0, 0]

Request 14
Source: 5 , Destination: 1
Path: 5 -> 3 -> 1 , Distance: 2000 km
Bandwidth: 146 Gbps, Modulation: QPSK , Slots Needed: 3
Status: Success
Core Used: 3

Current Slot Usage:
1 - 2 :
  Core 1 : [1, 1, 1, 'G', 1, 1, 'G', 0, 0, 0]
  Core 2 : [0, 0, 0, 0, 0, 0, 0, 0, 0, 0]
  Core 3 : [1, 1, 1, 'G', 1, 1, 'G', 0, 0, 0]
1 - 3 :
  Core 1 : [1, 1, 1, 'G', 1, 1, 1, 'G', 0, 0]
  Core 2 : [0, 0, 0, 0, 0, 0, 0, 0, 0, 0]
  Core 3 : [1, 1, 1, 'G', 1, 1, 1, 'G', 0, 0]
3 - 2 :
  Core 1 : [0, 0, 0, 0, 0, 0, 0, 0, 0, 0]
  Core 2 : [0, 0, 0, 0, 0, 0, 0, 0, 0, 0]
  Core 3 : [0, 0, 0, 0, 0, 0, 0, 0, 0, 0]
4 - 2 :
  Core 1 : [1, 1, 'G', 1, 'G', 0, 0, 0, 0, 0]
  Core 2 : [0, 0, 0, 0, 0, 0, 0, 0, 0, 0]
  Core 3 : [1, 1, 1, 'G', 0, 0, 0, 0, 0, 0]
5 - 2 :
  Core 1 : [1, 1, 1, 'G', 1, 'G', 0, 0, 0, 0]
  Core 2 : [0, 0, 0, 0, 0, 0, 0, 0, 0, 0]
  Core 3 : [1, 1, 1, 'G', 0, 0, 0, 0, 0, 0]
5 - 3 :
  Core 1 : [1, 1, 1, 'G', 0, 0, 0, 0, 0, 0]
  Core 2 : [0, 0, 0, 0, 0, 0, 0, 0, 0, 0]
  Core 3 : [1, 1, 'G', 0, 1, 1, 1, 'G', 0, 0]
5 - 4 :
  Core 1 : [0, 0, 0, 0, 0, 0, 0, 0, 0, 0]
  Core 2 : [0, 0, 0, 0, 0, 0, 0, 0, 0, 0]
  Core 3 : [0, 0, 0, 0, 0, 0, 0, 0, 0, 0]
6 - 4 :
  Core 1 : [1, 'G', 0, 0, 0, 0, 0, 0, 0, 0]
  Core 2 : [0, 0, 0, 0, 0, 0, 0, 0, 0, 0]
  Core 3 : [1, 1, 1, 'G', 0, 0, 0, 0, 0, 0]
5 - 6 :
  Core 1 : [0, 0, 0, 0, 0, 0, 0, 0, 0, 0]
  Core 2 : [0, 0, 0, 0, 0, 0, 0, 0, 0, 0]
  Core 3 : [0, 0, 0, 0, 0, 0, 0, 0, 0, 0]

Request 15
Source: 3 , Destination: 4
Path: 3 -> 2 -> 4 , Distance: 1400 km
Bandwidth: 112 Gbps, Modulation: QPSK , Slots Needed: 3
Status: Success
Core Used: 3

Current Slot Usage:
1 - 2 :
  Core 1 : [1, 1, 1, 'G', 1, 1, 'G', 0, 0, 0]
  Core 2 : [0, 0, 0, 0, 0, 0, 0, 0, 0, 0]
  Core 3 : [1, 1, 1, 'G', 1, 1, 'G', 0, 0, 0]
1 - 3 :
  Core 1 : [1, 1, 1, 'G', 1, 1, 1, 'G', 0, 0]
  Core 2 : [0, 0, 0, 0, 0, 0, 0, 0, 0, 0]
  Core 3 : [1, 1, 1, 'G', 1, 1, 1, 'G', 0, 0]
3 - 2 :
  Core 1 : [0, 0, 0, 0, 0, 0, 0, 0, 0, 0]
  Core 2 : [0, 0, 0, 0, 0, 0, 0, 0, 0, 0]
  Core 3 : [0, 0, 0, 0, 1, 1, 1, 'G', 0, 0]
4 - 2 :
  Core 1 : [1, 1, 'G', 1, 'G', 0, 0, 0, 0, 0]
  Core 2 : [0, 0, 0, 0, 0, 0, 0, 0, 0, 0]
  Core 3 : [1, 1, 1, 'G', 1, 1, 1, 'G', 0, 0]
5 - 2 :
  Core 1 : [1, 1, 1, 'G', 1, 'G', 0, 0, 0, 0]
  Core 2 : [0, 0, 0, 0, 0, 0, 0, 0, 0, 0]
  Core 3 : [1, 1, 1, 'G', 0, 0, 0, 0, 0, 0]
5 - 3 :
  Core 1 : [1, 1, 1, 'G', 0, 0, 0, 0, 0, 0]
  Core 2 : [0, 0, 0, 0, 0, 0, 0, 0, 0, 0]
  Core 3 : [1, 1, 'G', 0, 1, 1, 1, 'G', 0, 0]
5 - 4 :
  Core 1 : [0, 0, 0, 0, 0, 0, 0, 0, 0, 0]
  Core 2 : [0, 0, 0, 0, 0, 0, 0, 0, 0, 0]
  Core 3 : [0, 0, 0, 0, 0, 0, 0, 0, 0, 0]
6 - 4 :
  Core 1 : [1, 'G', 0, 0, 0, 0, 0, 0, 0, 0]
  Core 2 : [0, 0, 0, 0, 0, 0, 0, 0, 0, 0]
  Core 3 : [1, 1, 1, 'G', 0, 0, 0, 0, 0, 0]
5 - 6 :
  Core 1 : [0, 0, 0, 0, 0, 0, 0, 0, 0, 0]
  Core 2 : [0, 0, 0, 0, 0, 0, 0, 0, 0, 0]
  Core 3 : [0, 0, 0, 0, 0, 0, 0, 0, 0, 0]

Request 16
Source: 1 , Destination: 4
Path: 1 -> 2 -> 4 , Distance: 1800 km
Bandwidth: 110 Gbps, Modulation: QPSK , Slots Needed: 3
Status: Failed

Current Slot Usage:
1 - 2 :
  Core 1 : [1, 1, 1, 'G', 1, 1, 'G', 0, 0, 0]
  Core 2 : [0, 0, 0, 0, 0, 0, 0, 0, 0, 0]
  Core 3 : [1, 1, 1, 'G', 1, 1, 'G', 0, 0, 0]
1 - 3 :
  Core 1 : [1, 1, 1, 'G', 1, 1, 1, 'G', 0, 0]
  Core 2 : [0, 0, 0, 0, 0, 0, 0, 0, 0, 0]
  Core 3 : [1, 1, 1, 'G', 1, 1, 1, 'G', 0, 0]
3 - 2 :
  Core 1 : [0, 0, 0, 0, 0, 0, 0, 0, 0, 0]
  Core 2 : [0, 0, 0, 0, 0, 0, 0, 0, 0, 0]
  Core 3 : [0, 0, 0, 0, 1, 1, 1, 'G', 0, 0]
4 - 2 :
  Core 1 : [1, 1, 'G', 1, 'G', 0, 0, 0, 0, 0]
  Core 2 : [0, 0, 0, 0, 0, 0, 0, 0, 0, 0]
  Core 3 : [1, 1, 1, 'G', 1, 1, 1, 'G', 0, 0]
5 - 2 :
  Core 1 : [1, 1, 1, 'G', 1, 'G', 0, 0, 0, 0]
  Core 2 : [0, 0, 0, 0, 0, 0, 0, 0, 0, 0]
  Core 3 : [1, 1, 1, 'G', 0, 0, 0, 0, 0, 0]
5 - 3 :
  Core 1 : [1, 1, 1, 'G', 0, 0, 0, 0, 0, 0]
  Core 2 : [0, 0, 0, 0, 0, 0, 0, 0, 0, 0]
  Core 3 : [1, 1, 'G', 0, 1, 1, 1, 'G', 0, 0]
5 - 4 :
  Core 1 : [0, 0, 0, 0, 0, 0, 0, 0, 0, 0]
  Core 2 : [0, 0, 0, 0, 0, 0, 0, 0, 0, 0]
  Core 3 : [0, 0, 0, 0, 0, 0, 0, 0, 0, 0]
6 - 4 :
  Core 1 : [1, 'G', 0, 0, 0, 0, 0, 0, 0, 0]
  Core 2 : [0, 0, 0, 0, 0, 0, 0, 0, 0, 0]
  Core 3 : [1, 1, 1, 'G', 0, 0, 0, 0, 0, 0]
5 - 6 :
  Core 1 : [0, 0, 0, 0, 0, 0, 0, 0, 0, 0]
  Core 2 : [0, 0, 0, 0, 0, 0, 0, 0, 0, 0]
  Core 3 : [0, 0, 0, 0, 0, 0, 0, 0, 0, 0]

Request 17
Source: 1 , Destination: 6
Path: 1 -> 2 -> 4 -> 6 , Distance: 2800 km
Bandwidth: 134 Gbps, Modulation: BPSK , Slots Needed: 11
Status: Failed

Current Slot Usage:
1 - 2 :
  Core 1 : [1, 1, 1, 'G', 1, 1, 'G', 0, 0, 0]
  Core 2 : [0, 0, 0, 0, 0, 0, 0, 0, 0, 0]
  Core 3 : [1, 1, 1, 'G', 1, 1, 'G', 0, 0, 0]
1 - 3 :
  Core 1 : [1, 1, 1, 'G', 1, 1, 1, 'G', 0, 0]
  Core 2 : [0, 0, 0, 0, 0, 0, 0, 0, 0, 0]
  Core 3 : [1, 1, 1, 'G', 1, 1, 1, 'G', 0, 0]
3 - 2 :
  Core 1 : [0, 0, 0, 0, 0, 0, 0, 0, 0, 0]
  Core 2 : [0, 0, 0, 0, 0, 0, 0, 0, 0, 0]
  Core 3 : [0, 0, 0, 0, 1, 1, 1, 'G', 0, 0]
4 - 2 :
  Core 1 : [1, 1, 'G', 1, 'G', 0, 0, 0, 0, 0]
  Core 2 : [0, 0, 0, 0, 0, 0, 0, 0, 0, 0]
  Core 3 : [1, 1, 1, 'G', 1, 1, 1, 'G', 0, 0]
5 - 2 :
  Core 1 : [1, 1, 1, 'G', 1, 'G', 0, 0, 0, 0]
  Core 2 : [0, 0, 0, 0, 0, 0, 0, 0, 0, 0]
  Core 3 : [1, 1, 1, 'G', 0, 0, 0, 0, 0, 0]
5 - 3 :
  Core 1 : [1, 1, 1, 'G', 0, 0, 0, 0, 0, 0]
  Core 2 : [0, 0, 0, 0, 0, 0, 0, 0, 0, 0]
  Core 3 : [1, 1, 'G', 0, 1, 1, 1, 'G', 0, 0]
5 - 4 :
  Core 1 : [0, 0, 0, 0, 0, 0, 0, 0, 0, 0]
  Core 2 : [0, 0, 0, 0, 0, 0, 0, 0, 0, 0]
  Core 3 : [0, 0, 0, 0, 0, 0, 0, 0, 0, 0]
6 - 4 :
  Core 1 : [1, 'G', 0, 0, 0, 0, 0, 0, 0, 0]
  Core 2 : [0, 0, 0, 0, 0, 0, 0, 0, 0, 0]
  Core 3 : [1, 1, 1, 'G', 0, 0, 0, 0, 0, 0]
5 - 6 :
  Core 1 : [0, 0, 0, 0, 0, 0, 0, 0, 0, 0]
  Core 2 : [0, 0, 0, 0, 0, 0, 0, 0, 0, 0]
  Core 3 : [0, 0, 0, 0, 0, 0, 0, 0, 0, 0]

Request 18
Source: 5 , Destination: 4
Path: 5 -> 4 , Distance: 600 km
Bandwidth: 100 Gbps, Modulation: 8-QAM , Slots Needed: 1
Status: Success
Core Used: 1

Current Slot Usage:
1 - 2 :
  Core 1 : [1, 1, 1, 'G', 1, 1, 'G', 0, 0, 0]
  Core 2 : [0, 0, 0, 0, 0, 0, 0, 0, 0, 0]
  Core 3 : [1, 1, 1, 'G', 1, 1, 'G', 0, 0, 0]
1 - 3 :
  Core 1 : [1, 1, 1, 'G', 1, 1, 1, 'G', 0, 0]
  Core 2 : [0, 0, 0, 0, 0, 0, 0, 0, 0, 0]
  Core 3 : [1, 1, 1, 'G', 1, 1, 1, 'G', 0, 0]
3 - 2 :
  Core 1 : [0, 0, 0, 0, 0, 0, 0, 0, 0, 0]
  Core 2 : [0, 0, 0, 0, 0, 0, 0, 0, 0, 0]
  Core 3 : [0, 0, 0, 0, 1, 1, 1, 'G', 0, 0]
4 - 2 :
  Core 1 : [1, 1, 'G', 1, 'G', 0, 0, 0, 0, 0]
  Core 2 : [0, 0, 0, 0, 0, 0, 0, 0, 0, 0]
  Core 3 : [1, 1, 1, 'G', 1, 1, 1, 'G', 0, 0]
5 - 2 :
  Core 1 : [1, 1, 1, 'G', 1, 'G', 0, 0, 0, 0]
  Core 2 : [0, 0, 0, 0, 0, 0, 0, 0, 0, 0]
  Core 3 : [1, 1, 1, 'G', 0, 0, 0, 0, 0, 0]
5 - 3 :
  Core 1 : [1, 1, 1, 'G', 0, 0, 0, 0, 0, 0]
  Core 2 : [0, 0, 0, 0, 0, 0, 0, 0, 0, 0]
  Core 3 : [1, 1, 'G', 0, 1, 1, 1, 'G', 0, 0]
5 - 4 :
  Core 1 : [1, 'G', 0, 0, 0, 0, 0, 0, 0, 0]
  Core 2 : [0, 0, 0, 0, 0, 0, 0, 0, 0, 0]
  Core 3 : [0, 0, 0, 0, 0, 0, 0, 0, 0, 0]
6 - 4 :
  Core 1 : [1, 'G', 0, 0, 0, 0, 0, 0, 0, 0]
  Core 2 : [0, 0, 0, 0, 0, 0, 0, 0, 0, 0]
  Core 3 : [1, 1, 1, 'G', 0, 0, 0, 0, 0, 0]
5 - 6 :
  Core 1 : [0, 0, 0, 0, 0, 0, 0, 0, 0, 0]
  Core 2 : [0, 0, 0, 0, 0, 0, 0, 0, 0, 0]
  Core 3 : [0, 0, 0, 0, 0, 0, 0, 0, 0, 0]

Request 19
Source: 4 , Destination: 5
Path: 4 -> 5 , Distance: 600 km
Bandwidth: 113 Gbps, Modulation: 8-QAM , Slots Needed: 2
Status: Success
Core Used: 3

Current Slot Usage:
1 - 2 :
  Core 1 : [1, 1, 1, 'G', 1, 1, 'G', 0, 0, 0]
  Core 2 : [0, 0, 0, 0, 0, 0, 0, 0, 0, 0]
  Core 3 : [1, 1, 1, 'G', 1, 1, 'G', 0, 0, 0]
1 - 3 :
  Core 1 : [1, 1, 1, 'G', 1, 1, 1, 'G', 0, 0]
  Core 2 : [0, 0, 0, 0, 0, 0, 0, 0, 0, 0]
  Core 3 : [1, 1, 1, 'G', 1, 1, 1, 'G', 0, 0]
3 - 2 :
  Core 1 : [0, 0, 0, 0, 0, 0, 0, 0, 0, 0]
  Core 2 : [0, 0, 0, 0, 0, 0, 0, 0, 0, 0]
  Core 3 : [0, 0, 0, 0, 1, 1, 1, 'G', 0, 0]
4 - 2 :
  Core 1 : [1, 1, 'G', 1, 'G', 0, 0, 0, 0, 0]
  Core 2 : [0, 0, 0, 0, 0, 0, 0, 0, 0, 0]
  Core 3 : [1, 1, 1, 'G', 1, 1, 1, 'G', 0, 0]
5 - 2 :
  Core 1 : [1, 1, 1, 'G', 1, 'G', 0, 0, 0, 0]
  Core 2 : [0, 0, 0, 0, 0, 0, 0, 0, 0, 0]
  Core 3 : [1, 1, 1, 'G', 0, 0, 0, 0, 0, 0]
5 - 3 :
  Core 1 : [1, 1, 1, 'G', 0, 0, 0, 0, 0, 0]
  Core 2 : [0, 0, 0, 0, 0, 0, 0, 0, 0, 0]
  Core 3 : [1, 1, 'G', 0, 1, 1, 1, 'G', 0, 0]
5 - 4 :
  Core 1 : [1, 'G', 0, 0, 0, 0, 0, 0, 0, 0]
  Core 2 : [0, 0, 0, 0, 0, 0, 0, 0, 0, 0]
  Core 3 : [1, 1, 'G', 0, 0, 0, 0, 0, 0, 0]
6 - 4 :
  Core 1 : [1, 'G', 0, 0, 0, 0, 0, 0, 0, 0]
  Core 2 : [0, 0, 0, 0, 0, 0, 0, 0, 0, 0]
  Core 3 : [1, 1, 1, 'G', 0, 0, 0, 0, 0, 0]
5 - 6 :
  Core 1 : [0, 0, 0, 0, 0, 0, 0, 0, 0, 0]
  Core 2 : [0, 0, 0, 0, 0, 0, 0, 0, 0, 0]
  Core 3 : [0, 0, 0, 0, 0, 0, 0, 0, 0, 0]

Request 20
Source: 2 , Destination: 6
Path: 2 -> 4 -> 6 , Distance: 1800 km
Bandwidth: 140 Gbps, Modulation: QPSK , Slots Needed: 3
Status: Success
Core Used: 1

Current Slot Usage:
1 - 2 :
  Core 1 : [1, 1, 1, 'G', 1, 1, 'G', 0, 0, 0]
  Core 2 : [0, 0, 0, 0, 0, 0, 0, 0, 0, 0]
  Core 3 : [1, 1, 1, 'G', 1, 1, 'G', 0, 0, 0]
1 - 3 :
  Core 1 : [1, 1, 1, 'G', 1, 1, 1, 'G', 0, 0]
  Core 2 : [0, 0, 0, 0, 0, 0, 0, 0, 0, 0]
  Core 3 : [1, 1, 1, 'G', 1, 1, 1, 'G', 0, 0]
3 - 2 :
  Core 1 : [0, 0, 0, 0, 0, 0, 0, 0, 0, 0]
  Core 2 : [0, 0, 0, 0, 0, 0, 0, 0, 0, 0]
  Core 3 : [0, 0, 0, 0, 1, 1, 1, 'G', 0, 0]
4 - 2 :
  Core 1 : [1, 1, 'G', 1, 'G', 1, 1, 1, 'G', 0]
  Core 2 : [0, 0, 0, 0, 0, 0, 0, 0, 0, 0]
  Core 3 : [1, 1, 1, 'G', 1, 1, 1, 'G', 0, 0]
5 - 2 :
  Core 1 : [1, 1, 1, 'G', 1, 'G', 0, 0, 0, 0]
  Core 2 : [0, 0, 0, 0, 0, 0, 0, 0, 0, 0]
  Core 3 : [1, 1, 1, 'G', 0, 0, 0, 0, 0, 0]
5 - 3 :
  Core 1 : [1, 1, 1, 'G', 0, 0, 0, 0, 0, 0]
  Core 2 : [0, 0, 0, 0, 0, 0, 0, 0, 0, 0]
  Core 3 : [1, 1, 'G', 0, 1, 1, 1, 'G', 0, 0]
5 - 4 :
  Core 1 : [1, 'G', 0, 0, 0, 0, 0, 0, 0, 0]
  Core 2 : [0, 0, 0, 0, 0, 0, 0, 0, 0, 0]
  Core 3 : [1, 1, 'G', 0, 0, 0, 0, 0, 0, 0]
6 - 4 :
  Core 1 : [1, 'G', 0, 0, 0, 1, 1, 1, 'G', 0]
  Core 2 : [0, 0, 0, 0, 0, 0, 0, 0, 0, 0]
  Core 3 : [1, 1, 1, 'G', 0, 0, 0, 0, 0, 0]
5 - 6 :
  Core 1 : [0, 0, 0, 0, 0, 0, 0, 0, 0, 0]
  Core 2 : [0, 0, 0, 0, 0, 0, 0, 0, 0, 0]
  Core 3 : [0, 0, 0, 0, 0, 0, 0, 0, 0, 0]

Request 21
Source: 5 , Destination: 1
Path: 5 -> 3 -> 1 , Distance: 2000 km
Bandwidth: 101 Gbps, Modulation: QPSK , Slots Needed: 3
Status: Failed

Current Slot Usage:
1 - 2 :
  Core 1 : [1, 1, 1, 'G', 1, 1, 'G', 0, 0, 0]
  Core 2 : [0, 0, 0, 0, 0, 0, 0, 0, 0, 0]
  Core 3 : [1, 1, 1, 'G', 1, 1, 'G', 0, 0, 0]
1 - 3 :
  Core 1 : [1, 1, 1, 'G', 1, 1, 1, 'G', 0, 0]
  Core 2 : [0, 0, 0, 0, 0, 0, 0, 0, 0, 0]
  Core 3 : [1, 1, 1, 'G', 1, 1, 1, 'G', 0, 0]
3 - 2 :
  Core 1 : [0, 0, 0, 0, 0, 0, 0, 0, 0, 0]
  Core 2 : [0, 0, 0, 0, 0, 0, 0, 0, 0, 0]
  Core 3 : [0, 0, 0, 0, 1, 1, 1, 'G', 0, 0]
4 - 2 :
  Core 1 : [1, 1, 'G', 1, 'G', 1, 1, 1, 'G', 0]
  Core 2 : [0, 0, 0, 0, 0, 0, 0, 0, 0, 0]
  Core 3 : [1, 1, 1, 'G', 1, 1, 1, 'G', 0, 0]
5 - 2 :
  Core 1 : [1, 1, 1, 'G', 1, 'G', 0, 0, 0, 0]
  Core 2 : [0, 0, 0, 0, 0, 0, 0, 0, 0, 0]
  Core 3 : [1, 1, 1, 'G', 0, 0, 0, 0, 0, 0]
5 - 3 :
  Core 1 : [1, 1, 1, 'G', 0, 0, 0, 0, 0, 0]
  Core 2 : [0, 0, 0, 0, 0, 0, 0, 0, 0, 0]
  Core 3 : [1, 1, 'G', 0, 1, 1, 1, 'G', 0, 0]
5 - 4 :
  Core 1 : [1, 'G', 0, 0, 0, 0, 0, 0, 0, 0]
  Core 2 : [0, 0, 0, 0, 0, 0, 0, 0, 0, 0]
  Core 3 : [1, 1, 'G', 0, 0, 0, 0, 0, 0, 0]
6 - 4 :
  Core 1 : [1, 'G', 0, 0, 0, 1, 1, 1, 'G', 0]
  Core 2 : [0, 0, 0, 0, 0, 0, 0, 0, 0, 0]
  Core 3 : [1, 1, 1, 'G', 0, 0, 0, 0, 0, 0]
5 - 6 :
  Core 1 : [0, 0, 0, 0, 0, 0, 0, 0, 0, 0]
  Core 2 : [0, 0, 0, 0, 0, 0, 0, 0, 0, 0]
  Core 3 : [0, 0, 0, 0, 0, 0, 0, 0, 0, 0]

Request 22
Source: 1 , Destination: 6
Path: 1 -> 2 -> 4 -> 6 , Distance: 2800 km
Bandwidth: 102 Gbps, Modulation: BPSK , Slots Needed: 9
Status: Failed

Current Slot Usage:
1 - 2 :
  Core 1 : [1, 1, 1, 'G', 1, 1, 'G', 0, 0, 0]
  Core 2 : [0, 0, 0, 0, 0, 0, 0, 0, 0, 0]
  Core 3 : [1, 1, 1, 'G', 1, 1, 'G', 0, 0, 0]
1 - 3 :
  Core 1 : [1, 1, 1, 'G', 1, 1, 1, 'G', 0, 0]
  Core 2 : [0, 0, 0, 0, 0, 0, 0, 0, 0, 0]
  Core 3 : [1, 1, 1, 'G', 1, 1, 1, 'G', 0, 0]
3 - 2 :
  Core 1 : [0, 0, 0, 0, 0, 0, 0, 0, 0, 0]
  Core 2 : [0, 0, 0, 0, 0, 0, 0, 0, 0, 0]
  Core 3 : [0, 0, 0, 0, 1, 1, 1, 'G', 0, 0]
4 - 2 :
  Core 1 : [1, 1, 'G', 1, 'G', 1, 1, 1, 'G', 0]
  Core 2 : [0, 0, 0, 0, 0, 0, 0, 0, 0, 0]
  Core 3 : [1, 1, 1, 'G', 1, 1, 1, 'G', 0, 0]
5 - 2 :
  Core 1 : [1, 1, 1, 'G', 1, 'G', 0, 0, 0, 0]
  Core 2 : [0, 0, 0, 0, 0, 0, 0, 0, 0, 0]
  Core 3 : [1, 1, 1, 'G', 0, 0, 0, 0, 0, 0]
5 - 3 :
  Core 1 : [1, 1, 1, 'G', 0, 0, 0, 0, 0, 0]
  Core 2 : [0, 0, 0, 0, 0, 0, 0, 0, 0, 0]
  Core 3 : [1, 1, 'G', 0, 1, 1, 1, 'G', 0, 0]
5 - 4 :
  Core 1 : [1, 'G', 0, 0, 0, 0, 0, 0, 0, 0]
  Core 2 : [0, 0, 0, 0, 0, 0, 0, 0, 0, 0]
  Core 3 : [1, 1, 'G', 0, 0, 0, 0, 0, 0, 0]
6 - 4 :
  Core 1 : [1, 'G', 0, 0, 0, 1, 1, 1, 'G', 0]
  Core 2 : [0, 0, 0, 0, 0, 0, 0, 0, 0, 0]
  Core 3 : [1, 1, 1, 'G', 0, 0, 0, 0, 0, 0]
5 - 6 :
  Core 1 : [0, 0, 0, 0, 0, 0, 0, 0, 0, 0]
  Core 2 : [0, 0, 0, 0, 0, 0, 0, 0, 0, 0]
  Core 3 : [0, 0, 0, 0, 0, 0, 0, 0, 0, 0]

Request 23
Source: 5 , Destination: 3
Path: 5 -> 3 , Distance: 800 km
Bandwidth: 121 Gbps, Modulation: 8-QAM , Slots Needed: 2
Status: Success
Core Used: 1

Current Slot Usage:
1 - 2 :
  Core 1 : [1, 1, 1, 'G', 1, 1, 'G', 0, 0, 0]
  Core 2 : [0, 0, 0, 0, 0, 0, 0, 0, 0, 0]
  Core 3 : [1, 1, 1, 'G', 1, 1, 'G', 0, 0, 0]
1 - 3 :
  Core 1 : [1, 1, 1, 'G', 1, 1, 1, 'G', 0, 0]
  Core 2 : [0, 0, 0, 0, 0, 0, 0, 0, 0, 0]
  Core 3 : [1, 1, 1, 'G', 1, 1, 1, 'G', 0, 0]
3 - 2 :
  Core 1 : [0, 0, 0, 0, 0, 0, 0, 0, 0, 0]
  Core 2 : [0, 0, 0, 0, 0, 0, 0, 0, 0, 0]
  Core 3 : [0, 0, 0, 0, 1, 1, 1, 'G', 0, 0]
4 - 2 :
  Core 1 : [1, 1, 'G', 1, 'G', 1, 1, 1, 'G', 0]
  Core 2 : [0, 0, 0, 0, 0, 0, 0, 0, 0, 0]
  Core 3 : [1, 1, 1, 'G', 1, 1, 1, 'G', 0, 0]
5 - 2 :
  Core 1 : [1, 1, 1, 'G', 1, 'G', 0, 0, 0, 0]
  Core 2 : [0, 0, 0, 0, 0, 0, 0, 0, 0, 0]
  Core 3 : [1, 1, 1, 'G', 0, 0, 0, 0, 0, 0]
5 - 3 :
  Core 1 : [1, 1, 1, 'G', 1, 1, 'G', 0, 0, 0]
  Core 2 : [0, 0, 0, 0, 0, 0, 0, 0, 0, 0]
  Core 3 : [1, 1, 'G', 0, 1, 1, 1, 'G', 0, 0]
5 - 4 :
  Core 1 : [1, 'G', 0, 0, 0, 0, 0, 0, 0, 0]
  Core 2 : [0, 0, 0, 0, 0, 0, 0, 0, 0, 0]
  Core 3 : [1, 1, 'G', 0, 0, 0, 0, 0, 0, 0]
6 - 4 :
  Core 1 : [1, 'G', 0, 0, 0, 1, 1, 1, 'G', 0]
  Core 2 : [0, 0, 0, 0, 0, 0, 0, 0, 0, 0]
  Core 3 : [1, 1, 1, 'G', 0, 0, 0, 0, 0, 0]
5 - 6 :
  Core 1 : [0, 0, 0, 0, 0, 0, 0, 0, 0, 0]
  Core 2 : [0, 0, 0, 0, 0, 0, 0, 0, 0, 0]
  Core 3 : [0, 0, 0, 0, 0, 0, 0, 0, 0, 0]

Request 24
Source: 2 , Destination: 1
Path: 2 -> 1 , Distance: 1000 km
Bandwidth: 111 Gbps, Modulation: 8-QAM , Slots Needed: 1
Status: Success
Core Used: 1

Current Slot Usage:
1 - 2 :
  Core 1 : [1, 1, 1, 'G', 1, 1, 'G', 1, 'G', 0]
  Core 2 : [0, 0, 0, 0, 0, 0, 0, 0, 0, 0]
  Core 3 : [1, 1, 1, 'G', 1, 1, 'G', 0, 0, 0]
1 - 3 :
  Core 1 : [1, 1, 1, 'G', 1, 1, 1, 'G', 0, 0]
  Core 2 : [0, 0, 0, 0, 0, 0, 0, 0, 0, 0]
  Core 3 : [1, 1, 1, 'G', 1, 1, 1, 'G', 0, 0]
3 - 2 :
  Core 1 : [0, 0, 0, 0, 0, 0, 0, 0, 0, 0]
  Core 2 : [0, 0, 0, 0, 0, 0, 0, 0, 0, 0]
  Core 3 : [0, 0, 0, 0, 1, 1, 1, 'G', 0, 0]
4 - 2 :
  Core 1 : [1, 1, 'G', 1, 'G', 1, 1, 1, 'G', 0]
  Core 2 : [0, 0, 0, 0, 0, 0, 0, 0, 0, 0]
  Core 3 : [1, 1, 1, 'G', 1, 1, 1, 'G', 0, 0]
5 - 2 :
  Core 1 : [1, 1, 1, 'G', 1, 'G', 0, 0, 0, 0]
  Core 2 : [0, 0, 0, 0, 0, 0, 0, 0, 0, 0]
  Core 3 : [1, 1, 1, 'G', 0, 0, 0, 0, 0, 0]
5 - 3 :
  Core 1 : [1, 1, 1, 'G', 1, 1, 'G', 0, 0, 0]
  Core 2 : [0, 0, 0, 0, 0, 0, 0, 0, 0, 0]
  Core 3 : [1, 1, 'G', 0, 1, 1, 1, 'G', 0, 0]
5 - 4 :
  Core 1 : [1, 'G', 0, 0, 0, 0, 0, 0, 0, 0]
  Core 2 : [0, 0, 0, 0, 0, 0, 0, 0, 0, 0]
  Core 3 : [1, 1, 'G', 0, 0, 0, 0, 0, 0, 0]
6 - 4 :
  Core 1 : [1, 'G', 0, 0, 0, 1, 1, 1, 'G', 0]
  Core 2 : [0, 0, 0, 0, 0, 0, 0, 0, 0, 0]
  Core 3 : [1, 1, 1, 'G', 0, 0, 0, 0, 0, 0]
5 - 6 :
  Core 1 : [0, 0, 0, 0, 0, 0, 0, 0, 0, 0]
  Core 2 : [0, 0, 0, 0, 0, 0, 0, 0, 0, 0]
  Core 3 : [0, 0, 0, 0, 0, 0, 0, 0, 0, 0]

Request 25
Source: 3 , Destination: 5
Path: 3 -> 5 , Distance: 800 km
Bandwidth: 114 Gbps, Modulation: 8-QAM , Slots Needed: 2
Status: Success
Core Used: 1

Current Slot Usage:
1 - 2 :
  Core 1 : [1, 1, 1, 'G', 1, 1, 'G', 1, 'G', 0]
  Core 2 : [0, 0, 0, 0, 0, 0, 0, 0, 0, 0]
  Core 3 : [1, 1, 1, 'G', 1, 1, 'G', 0, 0, 0]
1 - 3 :
  Core 1 : [1, 1, 1, 'G', 1, 1, 1, 'G', 0, 0]
  Core 2 : [0, 0, 0, 0, 0, 0, 0, 0, 0, 0]
  Core 3 : [1, 1, 1, 'G', 1, 1, 1, 'G', 0, 0]
3 - 2 :
  Core 1 : [0, 0, 0, 0, 0, 0, 0, 0, 0, 0]
  Core 2 : [0, 0, 0, 0, 0, 0, 0, 0, 0, 0]
  Core 3 : [0, 0, 0, 0, 1, 1, 1, 'G', 0, 0]
4 - 2 :
  Core 1 : [1, 1, 'G', 1, 'G', 1, 1, 1, 'G', 0]
  Core 2 : [0, 0, 0, 0, 0, 0, 0, 0, 0, 0]
  Core 3 : [1, 1, 1, 'G', 1, 1, 1, 'G', 0, 0]
5 - 2 :
  Core 1 : [1, 1, 1, 'G', 1, 'G', 0, 0, 0, 0]
  Core 2 : [0, 0, 0, 0, 0, 0, 0, 0, 0, 0]
  Core 3 : [1, 1, 1, 'G', 0, 0, 0, 0, 0, 0]
5 - 3 :
  Core 1 : [1, 1, 1, 'G', 1, 1, 'G', 1, 1, 'G']
  Core 2 : [0, 0, 0, 0, 0, 0, 0, 0, 0, 0]
  Core 3 : [1, 1, 'G', 0, 1, 1, 1, 'G', 0, 0]
5 - 4 :
  Core 1 : [1, 'G', 0, 0, 0, 0, 0, 0, 0, 0]
  Core 2 : [0, 0, 0, 0, 0, 0, 0, 0, 0, 0]
  Core 3 : [1, 1, 'G', 0, 0, 0, 0, 0, 0, 0]
6 - 4 :
  Core 1 : [1, 'G', 0, 0, 0, 1, 1, 1, 'G', 0]
  Core 2 : [0, 0, 0, 0, 0, 0, 0, 0, 0, 0]
  Core 3 : [1, 1, 1, 'G', 0, 0, 0, 0, 0, 0]
5 - 6 :
  Core 1 : [0, 0, 0, 0, 0, 0, 0, 0, 0, 0]
  Core 2 : [0, 0, 0, 0, 0, 0, 0, 0, 0, 0]
  Core 3 : [0, 0, 0, 0, 0, 0, 0, 0, 0, 0]

Request 26
Source: 6 , Destination: 5
Path: 6 -> 5 , Distance: 1200 km
Bandwidth: 107 Gbps, Modulation: QPSK , Slots Needed: 3
Status: Success
Core Used: 1

Current Slot Usage:
1 - 2 :
  Core 1 : [1, 1, 1, 'G', 1, 1, 'G', 1, 'G', 0]
  Core 2 : [0, 0, 0, 0, 0, 0, 0, 0, 0, 0]
  Core 3 : [1, 1, 1, 'G', 1, 1, 'G', 0, 0, 0]
1 - 3 :
  Core 1 : [1, 1, 1, 'G', 1, 1, 1, 'G', 0, 0]
  Core 2 : [0, 0, 0, 0, 0, 0, 0, 0, 0, 0]
  Core 3 : [1, 1, 1, 'G', 1, 1, 1, 'G', 0, 0]
3 - 2 :
  Core 1 : [0, 0, 0, 0, 0, 0, 0, 0, 0, 0]
  Core 2 : [0, 0, 0, 0, 0, 0, 0, 0, 0, 0]
  Core 3 : [0, 0, 0, 0, 1, 1, 1, 'G', 0, 0]
4 - 2 :
  Core 1 : [1, 1, 'G', 1, 'G', 1, 1, 1, 'G', 0]
  Core 2 : [0, 0, 0, 0, 0, 0, 0, 0, 0, 0]
  Core 3 : [1, 1, 1, 'G', 1, 1, 1, 'G', 0, 0]
5 - 2 :
  Core 1 : [1, 1, 1, 'G', 1, 'G', 0, 0, 0, 0]
  Core 2 : [0, 0, 0, 0, 0, 0, 0, 0, 0, 0]
  Core 3 : [1, 1, 1, 'G', 0, 0, 0, 0, 0, 0]
5 - 3 :
  Core 1 : [1, 1, 1, 'G', 1, 1, 'G', 1, 1, 'G']
  Core 2 : [0, 0, 0, 0, 0, 0, 0, 0, 0, 0]
  Core 3 : [1, 1, 'G', 0, 1, 1, 1, 'G', 0, 0]
5 - 4 :
  Core 1 : [1, 'G', 0, 0, 0, 0, 0, 0, 0, 0]
  Core 2 : [0, 0, 0, 0, 0, 0, 0, 0, 0, 0]
  Core 3 : [1, 1, 'G', 0, 0, 0, 0, 0, 0, 0]
6 - 4 :
  Core 1 : [1, 'G', 0, 0, 0, 1, 1, 1, 'G', 0]
  Core 2 : [0, 0, 0, 0, 0, 0, 0, 0, 0, 0]
  Core 3 : [1, 1, 1, 'G', 0, 0, 0, 0, 0, 0]
5 - 6 :
  Core 1 : [1, 1, 1, 'G', 0, 0, 0, 0, 0, 0]
  Core 2 : [0, 0, 0, 0, 0, 0, 0, 0, 0, 0]
  Core 3 : [0, 0, 0, 0, 0, 0, 0, 0, 0, 0]

Request 27
Source: 3 , Destination: 2
Path: 3 -> 2 , Distance: 600 km
Bandwidth: 134 Gbps, Modulation: 8-QAM , Slots Needed: 2
Status: Success
Core Used: 1

Current Slot Usage:
1 - 2 :
  Core 1 : [1, 1, 1, 'G', 1, 1, 'G', 1, 'G', 0]
  Core 2 : [0, 0, 0, 0, 0, 0, 0, 0, 0, 0]
  Core 3 : [1, 1, 1, 'G', 1, 1, 'G', 0, 0, 0]
1 - 3 :
  Core 1 : [1, 1, 1, 'G', 1, 1, 1, 'G', 0, 0]
  Core 2 : [0, 0, 0, 0, 0, 0, 0, 0, 0, 0]
  Core 3 : [1, 1, 1, 'G', 1, 1, 1, 'G', 0, 0]
3 - 2 :
  Core 1 : [1, 1, 'G', 0, 0, 0, 0, 0, 0, 0]
  Core 2 : [0, 0, 0, 0, 0, 0, 0, 0, 0, 0]
  Core 3 : [0, 0, 0, 0, 1, 1, 1, 'G', 0, 0]
4 - 2 :
  Core 1 : [1, 1, 'G', 1, 'G', 1, 1, 1, 'G', 0]
  Core 2 : [0, 0, 0, 0, 0, 0, 0, 0, 0, 0]
  Core 3 : [1, 1, 1, 'G', 1, 1, 1, 'G', 0, 0]
5 - 2 :
  Core 1 : [1, 1, 1, 'G', 1, 'G', 0, 0, 0, 0]
  Core 2 : [0, 0, 0, 0, 0, 0, 0, 0, 0, 0]
  Core 3 : [1, 1, 1, 'G', 0, 0, 0, 0, 0, 0]
5 - 3 :
  Core 1 : [1, 1, 1, 'G', 1, 1, 'G', 1, 1, 'G']
  Core 2 : [0, 0, 0, 0, 0, 0, 0, 0, 0, 0]
  Core 3 : [1, 1, 'G', 0, 1, 1, 1, 'G', 0, 0]
5 - 4 :
  Core 1 : [1, 'G', 0, 0, 0, 0, 0, 0, 0, 0]
  Core 2 : [0, 0, 0, 0, 0, 0, 0, 0, 0, 0]
  Core 3 : [1, 1, 'G', 0, 0, 0, 0, 0, 0, 0]
6 - 4 :
  Core 1 : [1, 'G', 0, 0, 0, 1, 1, 1, 'G', 0]
  Core 2 : [0, 0, 0, 0, 0, 0, 0, 0, 0, 0]
  Core 3 : [1, 1, 1, 'G', 0, 0, 0, 0, 0, 0]
5 - 6 :
  Core 1 : [1, 1, 1, 'G', 0, 0, 0, 0, 0, 0]
  Core 2 : [0, 0, 0, 0, 0, 0, 0, 0, 0, 0]
  Core 3 : [0, 0, 0, 0, 0, 0, 0, 0, 0, 0]

Request 28
Source: 3 , Destination: 4
Path: 3 -> 2 -> 4 , Distance: 1400 km
Bandwidth: 141 Gbps, Modulation: QPSK , Slots Needed: 3
Status: Failed

Current Slot Usage:
1 - 2 :
  Core 1 : [1, 1, 1, 'G', 1, 1, 'G', 1, 'G', 0]
  Core 2 : [0, 0, 0, 0, 0, 0, 0, 0, 0, 0]
  Core 3 : [1, 1, 1, 'G', 1, 1, 'G', 0, 0, 0]
1 - 3 :
  Core 1 : [1, 1, 1, 'G', 1, 1, 1, 'G', 0, 0]
  Core 2 : [0, 0, 0, 0, 0, 0, 0, 0, 0, 0]
  Core 3 : [1, 1, 1, 'G', 1, 1, 1, 'G', 0, 0]
3 - 2 :
  Core 1 : [1, 1, 'G', 0, 0, 0, 0, 0, 0, 0]
  Core 2 : [0, 0, 0, 0, 0, 0, 0, 0, 0, 0]
  Core 3 : [0, 0, 0, 0, 1, 1, 1, 'G', 0, 0]
4 - 2 :
  Core 1 : [1, 1, 'G', 1, 'G', 1, 1, 1, 'G', 0]
  Core 2 : [0, 0, 0, 0, 0, 0, 0, 0, 0, 0]
  Core 3 : [1, 1, 1, 'G', 1, 1, 1, 'G', 0, 0]
5 - 2 :
  Core 1 : [1, 1, 1, 'G', 1, 'G', 0, 0, 0, 0]
  Core 2 : [0, 0, 0, 0, 0, 0, 0, 0, 0, 0]
  Core 3 : [1, 1, 1, 'G', 0, 0, 0, 0, 0, 0]
5 - 3 :
  Core 1 : [1, 1, 1, 'G', 1, 1, 'G', 1, 1, 'G']
  Core 2 : [0, 0, 0, 0, 0, 0, 0, 0, 0, 0]
  Core 3 : [1, 1, 'G', 0, 1, 1, 1, 'G', 0, 0]
5 - 4 :
  Core 1 : [1, 'G', 0, 0, 0, 0, 0, 0, 0, 0]
  Core 2 : [0, 0, 0, 0, 0, 0, 0, 0, 0, 0]
  Core 3 : [1, 1, 'G', 0, 0, 0, 0, 0, 0, 0]
6 - 4 :
  Core 1 : [1, 'G', 0, 0, 0, 1, 1, 1, 'G', 0]
  Core 2 : [0, 0, 0, 0, 0, 0, 0, 0, 0, 0]
  Core 3 : [1, 1, 1, 'G', 0, 0, 0, 0, 0, 0]
5 - 6 :
  Core 1 : [1, 1, 1, 'G', 0, 0, 0, 0, 0, 0]
  Core 2 : [0, 0, 0, 0, 0, 0, 0, 0, 0, 0]
  Core 3 : [0, 0, 0, 0, 0, 0, 0, 0, 0, 0]

Request 29
Source: 6 , Destination: 4
Path: 6 -> 4 , Distance: 1000 km
Bandwidth: 142 Gbps, Modulation: 8-QAM , Slots Needed: 2
Status: Success
Core Used: 1

Current Slot Usage:
1 - 2 :
  Core 1 : [1, 1, 1, 'G', 1, 1, 'G', 1, 'G', 0]
  Core 2 : [0, 0, 0, 0, 0, 0, 0, 0, 0, 0]
  Core 3 : [1, 1, 1, 'G', 1, 1, 'G', 0, 0, 0]
1 - 3 :
  Core 1 : [1, 1, 1, 'G', 1, 1, 1, 'G', 0, 0]
  Core 2 : [0, 0, 0, 0, 0, 0, 0, 0, 0, 0]
  Core 3 : [1, 1, 1, 'G', 1, 1, 1, 'G', 0, 0]
3 - 2 :
  Core 1 : [1, 1, 'G', 0, 0, 0, 0, 0, 0, 0]
  Core 2 : [0, 0, 0, 0, 0, 0, 0, 0, 0, 0]
  Core 3 : [0, 0, 0, 0, 1, 1, 1, 'G', 0, 0]
4 - 2 :
  Core 1 : [1, 1, 'G', 1, 'G', 1, 1, 1, 'G', 0]
  Core 2 : [0, 0, 0, 0, 0, 0, 0, 0, 0, 0]
  Core 3 : [1, 1, 1, 'G', 1, 1, 1, 'G', 0, 0]
5 - 2 :
  Core 1 : [1, 1, 1, 'G', 1, 'G', 0, 0, 0, 0]
  Core 2 : [0, 0, 0, 0, 0, 0, 0, 0, 0, 0]
  Core 3 : [1, 1, 1, 'G', 0, 0, 0, 0, 0, 0]
5 - 3 :
  Core 1 : [1, 1, 1, 'G', 1, 1, 'G', 1, 1, 'G']
  Core 2 : [0, 0, 0, 0, 0, 0, 0, 0, 0, 0]
  Core 3 : [1, 1, 'G', 0, 1, 1, 1, 'G', 0, 0]
5 - 4 :
  Core 1 : [1, 'G', 0, 0, 0, 0, 0, 0, 0, 0]
  Core 2 : [0, 0, 0, 0, 0, 0, 0, 0, 0, 0]
  Core 3 : [1, 1, 'G', 0, 0, 0, 0, 0, 0, 0]
6 - 4 :
  Core 1 : [1, 'G', 1, 1, 'G', 1, 1, 1, 'G', 0]
  Core 2 : [0, 0, 0, 0, 0, 0, 0, 0, 0, 0]
  Core 3 : [1, 1, 1, 'G', 0, 0, 0, 0, 0, 0]
5 - 6 :
  Core 1 : [1, 1, 1, 'G', 0, 0, 0, 0, 0, 0]
  Core 2 : [0, 0, 0, 0, 0, 0, 0, 0, 0, 0]
  Core 3 : [0, 0, 0, 0, 0, 0, 0, 0, 0, 0]

Request 30
Source: 4 , Destination: 5
Path: 4 -> 5 , Distance: 600 km
Bandwidth: 105 Gbps, Modulation: 8-QAM , Slots Needed: 1
Status: Success
Core Used: 1

Current Slot Usage:
1 - 2 :
  Core 1 : [1, 1, 1, 'G', 1, 1, 'G', 1, 'G', 0]
  Core 2 : [0, 0, 0, 0, 0, 0, 0, 0, 0, 0]
  Core 3 : [1, 1, 1, 'G', 1, 1, 'G', 0, 0, 0]
1 - 3 :
  Core 1 : [1, 1, 1, 'G', 1, 1, 1, 'G', 0, 0]
  Core 2 : [0, 0, 0, 0, 0, 0, 0, 0, 0, 0]
  Core 3 : [1, 1, 1, 'G', 1, 1, 1, 'G', 0, 0]
3 - 2 :
  Core 1 : [1, 1, 'G', 0, 0, 0, 0, 0, 0, 0]
  Core 2 : [0, 0, 0, 0, 0, 0, 0, 0, 0, 0]
  Core 3 : [0, 0, 0, 0, 1, 1, 1, 'G', 0, 0]
4 - 2 :
  Core 1 : [1, 1, 'G', 1, 'G', 1, 1, 1, 'G', 0]
  Core 2 : [0, 0, 0, 0, 0, 0, 0, 0, 0, 0]
  Core 3 : [1, 1, 1, 'G', 1, 1, 1, 'G', 0, 0]
5 - 2 :
  Core 1 : [1, 1, 1, 'G', 1, 'G', 0, 0, 0, 0]
  Core 2 : [0, 0, 0, 0, 0, 0, 0, 0, 0, 0]
  Core 3 : [1, 1, 1, 'G', 0, 0, 0, 0, 0, 0]
5 - 3 :
  Core 1 : [1, 1, 1, 'G', 1, 1, 'G', 1, 1, 'G']
  Core 2 : [0, 0, 0, 0, 0, 0, 0, 0, 0, 0]
  Core 3 : [1, 1, 'G', 0, 1, 1, 1, 'G', 0, 0]
5 - 4 :
  Core 1 : [1, 'G', 1, 'G', 0, 0, 0, 0, 0, 0]
  Core 2 : [0, 0, 0, 0, 0, 0, 0, 0, 0, 0]
  Core 3 : [1, 1, 'G', 0, 0, 0, 0, 0, 0, 0]
6 - 4 :
  Core 1 : [1, 'G', 1, 1, 'G', 1, 1, 1, 'G', 0]
  Core 2 : [0, 0, 0, 0, 0, 0, 0, 0, 0, 0]
  Core 3 : [1, 1, 1, 'G', 0, 0, 0, 0, 0, 0]
5 - 6 :
  Core 1 : [1, 1, 1, 'G', 0, 0, 0, 0, 0, 0]
  Core 2 : [0, 0, 0, 0, 0, 0, 0, 0, 0, 0]
  Core 3 : [0, 0, 0, 0, 0, 0, 0, 0, 0, 0]

Final Summary:
Request 1 : 5 -> 1 , Path: 5 -> 3 -> 1 , Bandwidth: 118 Gbps, Modulation: QPSK , Slots: 3 , Core: 1 , Success: True
Request 2 : 1 -> 5 , Path: 1 -> 2 -> 5 , Bandwidth: 123 Gbps, Modulation: QPSK , Slots: 3 , Core: 1 , Success: True
Request 3 : 2 -> 4 , Path: 2 -> 4 , Bandwidth: 135 Gbps, Modulation: 8-QAM , Slots: 2 , Core: 1 , Success: True
Request 4 : 6 -> 2 , Path: 6 -> 4 -> 2 , Bandwidth: 146 Gbps, Modulation: QPSK , Slots: 3 , Core: 3 , Success: True
Request 5 : 2 -> 4 , Path: 2 -> 4 , Bandwidth: 102 Gbps, Modulation: 8-QAM , Slots: 1 , Core: 1 , Success: True
Request 6 : 1 -> 5 , Path: 1 -> 2 -> 5 , Bandwidth: 115 Gbps, Modulation: QPSK , Slots: 3 , Core: 3 , Success: True
Request 7 : 6 -> 4 , Path: 6 -> 4 , Bandwidth: 106 Gbps, Modulation: 8-QAM , Slots: 1 , Core: 1 , Success: True
Request 8 : 2 -> 5 , Path: 2 -> 5 , Bandwidth: 107 Gbps, Modulation: 8-QAM , Slots: 1 , Core: 1 , Success: True
Request 9 : 3 -> 1 , Path: 3 -> 1 , Bandwidth: 131 Gbps, Modulation: QPSK , Slots: 3 , Core: 3 , Success: True
Request 10 : 1 -> 2 , Path: 1 -> 2 , Bandwidth: 121 Gbps, Modulation: 8-QAM , Slots: 2 , Core: 1 , Success: True
Request 11 : 3 -> 1 , Path: 3 -> 1 , Bandwidth: 124 Gbps, Modulation: QPSK , Slots: 3 , Core: 1 , Success: True
Request 12 : 2 -> 1 , Path: 2 -> 1 , Bandwidth: 133 Gbps, Modulation: 8-QAM , Slots: 2 , Core: 3 , Success: True
Request 13 : 5 -> 3 , Path: 5 -> 3 , Bandwidth: 147 Gbps, Modulation: 8-QAM , Slots: 2 , Core: 3 , Success: True
Request 14 : 5 -> 1 , Path: 5 -> 3 -> 1 , Bandwidth: 146 Gbps, Modulation: QPSK , Slots: 3 , Core: 3 , Success: True
Request 15 : 3 -> 4 , Path: 3 -> 2 -> 4 , Bandwidth: 112 Gbps, Modulation: QPSK , Slots: 3 , Core: 3 , Success: True
Request 16 : 1 -> 4 , Path: 1 -> 2 -> 4 , Bandwidth: 110 Gbps, Modulation: QPSK , Slots: 3 , Core: None , Success: False
Request 17 : 1 -> 6 , Path: 1 -> 2 -> 4 -> 6 , Bandwidth: 134 Gbps, Modulation: BPSK , Slots: 11 , Core: None , Success: False
Request 18 : 5 -> 4 , Path: 5 -> 4 , Bandwidth: 100 Gbps, Modulation: 8-QAM , Slots: 1 , Core: 1 , Success: True
Request 19 : 4 -> 5 , Path: 4 -> 5 , Bandwidth: 113 Gbps, Modulation: 8-QAM , Slots: 2 , Core: 3 , Success: True
Request 20 : 2 -> 6 , Path: 2 -> 4 -> 6 , Bandwidth: 140 Gbps, Modulation: QPSK , Slots: 3 , Core: 1 , Success: True
Request 21 : 5 -> 1 , Path: 5 -> 3 -> 1 , Bandwidth: 101 Gbps, Modulation: QPSK , Slots: 3 , Core: None , Success: False
Request 22 : 1 -> 6 , Path: 1 -> 2 -> 4 -> 6 , Bandwidth: 102 Gbps, Modulation: BPSK , Slots: 9 , Core: None , Success: False
Request 23 : 5 -> 3 , Path: 5 -> 3 , Bandwidth: 121 Gbps, Modulation: 8-QAM , Slots: 2 , Core: 1 , Success: True
Request 24 : 2 -> 1 , Path: 2 -> 1 , Bandwidth: 111 Gbps, Modulation: 8-QAM , Slots: 1 , Core: 1 , Success: True
Request 25 : 3 -> 5 , Path: 3 -> 5 , Bandwidth: 114 Gbps, Modulation: 8-QAM , Slots: 2 , Core: 1 , Success: True
Request 26 : 6 -> 5 , Path: 6 -> 5 , Bandwidth: 107 Gbps, Modulation: QPSK , Slots: 3 , Core: 1 , Success: True
Request 27 : 3 -> 2 , Path: 3 -> 2 , Bandwidth: 134 Gbps, Modulation: 8-QAM , Slots: 2 , Core: 1 , Success: True
Request 28 : 3 -> 4 , Path: 3 -> 2 -> 4 , Bandwidth: 141 Gbps, Modulation: QPSK , Slots: 3 , Core: None , Success: False
Request 29 : 6 -> 4 , Path: 6 -> 4 , Bandwidth: 142 Gbps, Modulation: 8-QAM , Slots: 2 , Core: 1 , Success: True
Request 30 : 4 -> 5 , Path: 4 -> 5 , Bandwidth: 105 Gbps, Modulation: 8-QAM , Slots: 1 , Core: 1 , Success: True
